Time,Estimated Precipitation
1 Jan 1983,0.0
2 Jan 1983,0.0
3 Jan 1983,0.0
10 Jan 1983,0.0
11 Jan 1983,0.0
12 Jan 1983,0.0
13 Jan 1983,0.0
14 Jan 1983,0.0
15 Jan 1983,0.0
23 Jan 1983,0.0
29 Jan 1983,0.0
1 Feb 1983,0.0
2 Feb 1983,0.0
3 Feb 1983,0.0
4 Feb 1983,0.0
5 Feb 1983,0.0
6 Feb 1983,0.0
7 Feb 1983,0.0
8 Feb 1983,0.0
9 Feb 1983,0.0
10 Feb 1983,0.0
12 Feb 1983,0.0
13 Feb 1983,0.0
14 Feb 1983,0.0
16 Feb 1983,0.0
17 Feb 1983,0.0
19 Feb 1983,0.0
20 Feb 1983,0.0
21 Feb 1983,0.0
22 Feb 1983,0.0
23 Feb 1983,0.0
24 Feb 1983,0.0
25 Feb 1983,0.0
26 Feb 1983,0.0
27 Feb 1983,0.0
28 Feb 1983,0.0
1 Mar 1983,0.0
2 Mar 1983,0.0
3 Mar 1983,0.0
4 Mar 1983,0.0
5 Mar 1983,0.0
6 Mar 1983,0.0
7 Mar 1983,0.0
8 Mar 1983,0.0
9 Mar 1983,0.0
10 Mar 1983,0.0
11 Mar 1983,0.0
12 Mar 1983,0.0
13 Mar 1983,0.0
14 Mar 1983,9.89795
15 Mar 1983,0.0
16 Mar 1983,0.0
17 Mar 1983,0.0
18 Mar 1983,0.0
19 Mar 1983,0.0
20 Mar 1983,0.0
21 Mar 1983,0.0
22 Mar 1983,0.0
23 Mar 1983,0.0
24 Mar 1983,0.0
25 Mar 1983,0.0
26 Mar 1983,0.0
27 Mar 1983,0.0
28 Mar 1983,0.0
29 Mar 1983,0.0
31 Mar 1983,0.0
1 Apr 1983,0.0
2 Apr 1983,0.0
3 Apr 1983,0.0
4 Apr 1983,0.0
5 Apr 1983,0.0
6 Apr 1983,0.0
7 Apr 1983,0.0
9 Apr 1983,0.0
10 Apr 1983,62.94681
11 Apr 1983,0.0
12 Apr 1983,0.0
13 Apr 1983,0.0
14 Apr 1983,0.0
15 Apr 1983,0.0
16 Apr 1983,0.0
17 Apr 1983,2.303358
18 Apr 1983,0.0
19 Apr 1983,0.0
20 Apr 1983,0.0
21 Apr 1983,2.072909
22 Apr 1983,0.0
23 Apr 1983,0.0
24 Apr 1983,0.0
1 May 1983,0.0
2 May 1983,2.592196
3 May 1983,5.740205
4 May 1983,0.0
5 May 1983,0.0
6 May 1983,0.0
7 May 1983,1.825753
8 May 1983,0.0
9 May 1983,0.0
10 May 1983,0.0
11 May 1983,0.0
12 May 1983,0.0
13 May 1983,0.0
14 May 1983,0.0
15 May 1983,1.531582
16 May 1983,0.0
17 May 1983,12.09067
18 May 1983,0.0
19 May 1983,0.0
20 May 1983,0.0
21 May 1983,0.0
22 May 1983,0.0
23 May 1983,0.0
24 May 1983,0.0
25 May 1983,0.0
26 May 1983,0.0
27 May 1983,0.0
28 May 1983,0.0
29 May 1983,0.0
30 May 1983,1.517738
31 May 1983,0.0
1 Jun 1983,6.606737
2 Jun 1983,0.0
3 Jun 1983,0.0
4 Jun 1983,0.0
5 Jun 1983,57.69224
6 Jun 1983,0.0
7 Jun 1983,0.0
8 Jun 1983,0.0
9 Jun 1983,0.0
10 Jun 1983,0.0
11 Jun 1983,0.0
12 Jun 1983,0.0
13 Jun 1983,0.0
15 Jun 1983,0.0
16 Jun 1983,0.0
17 Jun 1983,0.0
19 Jun 1983,0.0
20 Jun 1983,0.0
21 Jun 1983,0.0
22 Jun 1983,0.0
23 Jun 1983,0.0
24 Jun 1983,0.0
25 Jun 1983,0.0
26 Jun 1983,0.0
27 Jun 1983,0.0
28 Jun 1983,0.0
29 Jun 1983,0.0
2 Jul 1983,0.0
3 Jul 1983,0.0
4 Jul 1983,0.0
5 Jul 1983,0.0
6 Jul 1983,0.0
7 Jul 1983,0.0
8 Jul 1983,0.0
9 Jul 1983,0.0
10 Jul 1983,0.0
11 Jul 1983,0.0
13 Jul 1983,0.0
14 Jul 1983,0.0
15 Jul 1983,0.0
17 Jul 1983,16.15721
18 Jul 1983,0.0
19 Jul 1983,0.0
21 Jul 1983,0.0
23 Jul 1983,0.0
24 Jul 1983,0.0
25 Jul 1983,7.896229
26 Jul 1983,1.638932
27 Jul 1983,2.097674
28 Jul 1983,0.0
29 Jul 1983,0.0
30 Jul 1983,9.436566
31 Jul 1983,0.0
1 Aug 1983,0.0
2 Aug 1983,0.0
3 Aug 1983,0.7244396
4 Aug 1983,0.0
5 Aug 1983,0.0
6 Aug 1983,19.14833
7 Aug 1983,12.68889
8 Aug 1983,17.00136
9 Aug 1983,15.90279
10 Aug 1983,0.0
11 Aug 1983,0.0
12 Aug 1983,0.0
13 Aug 1983,0.0
14 Aug 1983,0.0
15 Aug 1983,0.0
16 Aug 1983,18.49895
17 Aug 1983,9.312329
18 Aug 1983,0.0
19 Aug 1983,0.0
20 Aug 1983,9.097331
21 Aug 1983,12.03268
22 Aug 1983,0.0
23 Aug 1983,13.32613
24 Aug 1983,0.0
25 Aug 1983,0.0
26 Aug 1983,0.0
27 Aug 1983,0.0
28 Aug 1983,0.0
29 Aug 1983,6.600537
30 Aug 1983,0.0
31 Aug 1983,0.0
1 Sep 1983,0.0
2 Sep 1983,0.0
3 Sep 1983,0.0
4 Sep 1983,0.0
5 Sep 1983,0.0
6 Sep 1983,0.0
7 Sep 1983,0.0
8 Sep 1983,0.0
9 Sep 1983,0.0
10 Sep 1983,6.255836
11 Sep 1983,0.0
12 Sep 1983,0.0
13 Sep 1983,0.0
15 Sep 1983,0.0
16 Sep 1983,0.0
17 Sep 1983,0.0
18 Sep 1983,0.0
19 Sep 1983,0.0
20 Sep 1983,0.0
21 Sep 1983,1.699671
22 Sep 1983,0.0
23 Sep 1983,0.0
24 Sep 1983,0.0
25 Sep 1983,0.0
26 Sep 1983,0.0
27 Sep 1983,0.0
28 Sep 1983,0.0
29 Sep 1983,0.0
30 Sep 1983,0.0
1 Oct 1983,0.0
2 Oct 1983,0.0
3 Oct 1983,0.0
4 Oct 1983,0.0
5 Oct 1983,0.0
6 Oct 1983,0.0
7 Oct 1983,0.0
8 Oct 1983,0.0
9 Oct 1983,0.0
10 Oct 1983,0.0
11 Oct 1983,0.0
12 Oct 1983,0.0
13 Oct 1983,0.0
14 Oct 1983,0.0
15 Oct 1983,0.0
16 Oct 1983,0.0
17 Oct 1983,0.0
18 Oct 1983,0.0
19 Oct 1983,0.0
20 Oct 1983,0.0
21 Oct 1983,0.0
22 Oct 1983,0.0
23 Oct 1983,0.0
24 Oct 1983,0.0
25 Oct 1983,0.0
26 Oct 1983,0.0
27 Oct 1983,0.0
28 Oct 1983,0.0
29 Oct 1983,0.0
30 Oct 1983,0.0
31 Oct 1983,0.0
1 Nov 1983,0.0
3 Nov 1983,0.0
4 Nov 1983,0.0
5 Nov 1983,0.0
6 Nov 1983,0.0
7 Nov 1983,0.0
8 Nov 1983,0.0
9 Nov 1983,0.0
10 Nov 1983,0.0
14 Nov 1983,0.0
15 Nov 1983,0.0
16 Nov 1983,0.0
17 Nov 1983,0.0
18 Nov 1983,0.0
19 Nov 1983,0.0
20 Nov 1983,0.0
21 Nov 1983,0.0
22 Nov 1983,0.0
23 Nov 1983,0.0
24 Nov 1983,0.0
25 Nov 1983,0.0
26 Nov 1983,0.0
27 Nov 1983,0.0
28 Nov 1983,0.0
29 Nov 1983,0.0
30 Nov 1983,0.0
1 Dec 1983,0.0
2 Dec 1983,0.0
3 Dec 1983,0.0
4 Dec 1983,0.0
5 Dec 1983,0.0
6 Dec 1983,0.0
7 Dec 1983,0.0
8 Dec 1983,0.0
9 Dec 1983,0.0
10 Dec 1983,0.0
11 Dec 1983,0.0
12 Dec 1983,0.0
13 Dec 1983,0.0
14 Dec 1983,0.0
15 Dec 1983,0.0
16 Dec 1983,0.0
17 Dec 1983,0.0
18 Dec 1983,0.0
19 Dec 1983,0.0
20 Dec 1983,0.0
21 Dec 1983,0.0
22 Dec 1983,0.0
23 Dec 1983,0.0
24 Dec 1983,0.0
25 Dec 1983,0.0
26 Dec 1983,0.0
27 Dec 1983,0.0
28 Dec 1983,0.0
29 Dec 1983,0.0
30 Dec 1983,0.0
31 Dec 1983,0.0
1 Jan 1984,0.0
2 Jan 1984,0.0
3 Jan 1984,0.0
4 Jan 1984,0.0
5 Jan 1984,0.0
6 Jan 1984,0.0
7 Jan 1984,0.0
8 Jan 1984,0.0
9 Jan 1984,0.0
10 Jan 1984,0.0
12 Jan 1984,0.0
13 Jan 1984,0.0
14 Jan 1984,0.0
15 Jan 1984,0.0
16 Jan 1984,0.0
17 Jan 1984,0.0
18 Jan 1984,0.0
19 Jan 1984,0.0
20 Jan 1984,0.0
21 Jan 1984,0.0
22 Jan 1984,0.0
23 Jan 1984,0.0
24 Jan 1984,0.0
25 Jan 1984,0.0
26 Jan 1984,0.0
27 Jan 1984,0.0
28 Jan 1984,0.0
29 Jan 1984,0.0
30 Jan 1984,0.0
31 Jan 1984,0.0
1 Feb 1984,0.0
2 Feb 1984,0.0
3 Feb 1984,0.0
4 Feb 1984,0.0
5 Feb 1984,0.0
6 Feb 1984,0.0
8 Feb 1984,0.0
9 Feb 1984,0.0
10 Feb 1984,0.0
11 Feb 1984,0.0
12 Feb 1984,0.0
13 Feb 1984,0.0
16 Feb 1984,0.0
17 Feb 1984,0.0
18 Feb 1984,0.0
19 Feb 1984,0.0
20 Feb 1984,0.0
21 Feb 1984,0.0
22 Feb 1984,0.0
23 Feb 1984,0.0
24 Feb 1984,0.0
25 Feb 1984,0.0
26 Feb 1984,0.0
27 Feb 1984,0.0
28 Feb 1984,0.0
29 Feb 1984,2.572535
1 Mar 1984,0.0
2 Mar 1984,0.0
3 Mar 1984,0.0
4 Mar 1984,0.0
5 Mar 1984,0.0
6 Mar 1984,0.0
7 Mar 1984,0.0
8 Mar 1984,0.0
9 Mar 1984,0.0
10 Mar 1984,0.0
11 Mar 1984,0.0
12 Mar 1984,0.0
13 Mar 1984,0.0
14 Mar 1984,0.0
15 Mar 1984,0.0
16 Mar 1984,0.0
17 Mar 1984,0.0
18 Mar 1984,0.0
19 Mar 1984,0.0
20 Mar 1984,0.0
21 Mar 1984,0.0
22 Mar 1984,0.0
23 Mar 1984,0.0
24 Mar 1984,0.0
25 Mar 1984,0.0
26 Mar 1984,0.0
27 Mar 1984,0.0
28 Mar 1984,0.0
29 Mar 1984,0.0
30 Mar 1984,0.0
31 Mar 1984,0.0
1 Apr 1984,0.0
2 Apr 1984,0.0
3 Apr 1984,0.0
4 Apr 1984,0.0
5 Apr 1984,0.0
6 Apr 1984,0.0
7 Apr 1984,0.0
8 Apr 1984,0.0
9 Apr 1984,2.731985
10 Apr 1984,0.0
11 Apr 1984,0.0
12 Apr 1984,4.202975
13 Apr 1984,1.030244
14 Apr 1984,0.0
15 Apr 1984,0.0
16 Apr 1984,1.643902
17 Apr 1984,0.0
18 Apr 1984,0.0
19 Apr 1984,0.0
20 Apr 1984,0.0
21 Apr 1984,0.0
22 Apr 1984,0.0
23 Apr 1984,0.0
24 Apr 1984,0.0
25 Apr 1984,0.0
26 Apr 1984,0.0
27 Apr 1984,0.0
28 Apr 1984,0.0
29 Apr 1984,0.0
30 Apr 1984,0.0
1 May 1984,0.0
2 May 1984,0.0
3 May 1984,0.0
4 May 1984,0.0
5 May 1984,0.0
6 May 1984,0.0
7 May 1984,0.0
8 May 1984,0.0
9 May 1984,0.0
10 May 1984,0.0
11 May 1984,0.0
12 May 1984,0.0
13 May 1984,0.0
14 May 1984,0.0
15 May 1984,0.0
16 May 1984,0.0
17 May 1984,0.0
18 May 1984,0.0
19 May 1984,0.3356023
20 May 1984,0.0
21 May 1984,0.0
22 May 1984,0.0
23 May 1984,0.0
24 May 1984,6.778701
25 May 1984,0.0
26 May 1984,0.0
27 May 1984,0.0
28 May 1984,0.0
29 May 1984,0.0
30 May 1984,0.0
31 May 1984,0.0
1 Jun 1984,1.308627
2 Jun 1984,0.0
3 Jun 1984,0.0
4 Jun 1984,3.052059
5 Jun 1984,0.0
6 Jun 1984,0.0
7 Jun 1984,0.0
8 Jun 1984,0.0
9 Jun 1984,0.0
10 Jun 1984,0.0
11 Jun 1984,0.0
12 Jun 1984,0.0
13 Jun 1984,0.0
14 Jun 1984,0.0
15 Jun 1984,0.0
16 Jun 1984,0.0
17 Jun 1984,1.346542
18 Jun 1984,0.0
19 Jun 1984,0.0
20 Jun 1984,0.0
21 Jun 1984,0.0
22 Jun 1984,0.0
23 Jun 1984,0.0
24 Jun 1984,0.0
25 Jun 1984,0.0
27 Jun 1984,1.4322
28 Jun 1984,0.0
29 Jun 1984,3.473716
30 Jun 1984,0.0
1 Jul 1984,0.0
2 Jul 1984,0.0
3 Jul 1984,0.0
4 Jul 1984,0.0
5 Jul 1984,0.0
6 Jul 1984,0.0
7 Jul 1984,0.0
8 Jul 1984,0.0
9 Jul 1984,2.593772
10 Jul 1984,0.0
11 Jul 1984,7.23249
12 Jul 1984,7.095004
13 Jul 1984,0.0
14 Jul 1984,0.0
15 Jul 1984,0.0
16 Jul 1984,0.0
17 Jul 1984,0.0
18 Jul 1984,0.0
19 Jul 1984,0.0
20 Jul 1984,0.0
21 Jul 1984,2.967141
22 Jul 1984,5.077341
23 Jul 1984,0.0
24 Jul 1984,0.0
25 Jul 1984,0.0
26 Jul 1984,0.0
27 Jul 1984,0.0
28 Jul 1984,0.0
29 Jul 1984,20.93884
30 Jul 1984,1.072654
31 Jul 1984,0.0
1 Aug 1984,0.0
2 Aug 1984,0.0
3 Aug 1984,5.462303
4 Aug 1984,0.0
5 Aug 1984,0.0
6 Aug 1984,0.0
7 Aug 1984,0.0
8 Aug 1984,18.13356
9 Aug 1984,0.0
10 Aug 1984,0.0
11 Aug 1984,0.0
12 Aug 1984,1.166068
15 Aug 1984,0.0
16 Aug 1984,0.0
17 Aug 1984,0.0
18 Aug 1984,0.0
19 Aug 1984,2.021844
20 Aug 1984,0.0
21 Aug 1984,0.6302322
22 Aug 1984,1.438114
23 Aug 1984,0.0
24 Aug 1984,0.0
25 Aug 1984,0.0
26 Aug 1984,0.0
27 Aug 1984,0.0
28 Aug 1984,0.0
29 Aug 1984,0.0
30 Aug 1984,0.0
31 Aug 1984,0.0
1 Sep 1984,0.0
2 Sep 1984,0.0
3 Sep 1984,20.75487
4 Sep 1984,0.0
5 Sep 1984,0.0
8 Sep 1984,6.527579
9 Sep 1984,0.0
10 Sep 1984,0.0
11 Sep 1984,0.0
12 Sep 1984,3.602955
13 Sep 1984,0.0
14 Sep 1984,0.0
15 Sep 1984,0.0
16 Sep 1984,3.576589
17 Sep 1984,0.0
18 Sep 1984,0.0
19 Sep 1984,0.0
20 Sep 1984,0.0
21 Sep 1984,10.58258
22 Sep 1984,0.0
23 Sep 1984,0.0
25 Sep 1984,0.0
26 Sep 1984,0.0
28 Sep 1984,0.0
29 Sep 1984,0.0
30 Sep 1984,0.0
1 Oct 1984,0.0
2 Oct 1984,0.0
3 Oct 1984,0.0
4 Oct 1984,0.0
5 Oct 1984,0.0
6 Oct 1984,0.0
7 Oct 1984,0.0
8 Oct 1984,0.0
9 Oct 1984,0.0
10 Oct 1984,0.0
11 Oct 1984,0.0
12 Oct 1984,0.0
13 Oct 1984,0.0
14 Oct 1984,0.0
15 Oct 1984,0.0
16 Oct 1984,0.0
17 Oct 1984,0.0
18 Oct 1984,0.0
19 Oct 1984,0.0
20 Oct 1984,0.0
21 Oct 1984,0.0
22 Oct 1984,0.0
24 Oct 1984,0.0
25 Oct 1984,0.0
26 Oct 1984,0.0
27 Oct 1984,0.0
29 Oct 1984,0.0
30 Oct 1984,0.0
31 Oct 1984,0.0
1 Nov 1984,0.0
2 Nov 1984,0.0
3 Nov 1984,0.0
4 Nov 1984,0.0
5 Nov 1984,0.0
6 Nov 1984,0.0
8 Nov 1984,0.0
9 Nov 1984,0.0
10 Nov 1984,0.0
12 Nov 1984,0.0
13 Nov 1984,0.0
14 Nov 1984,0.0
19 Nov 1984,0.0
25 Nov 1984,0.0
26 Nov 1984,0.0
27 Nov 1984,0.0
28 Nov 1984,0.0
1 Dec 1984,0.0
3 Dec 1984,0.0
6 Dec 1984,0.0
7 Dec 1984,0.0
8 Dec 1984,0.0
9 Dec 1984,0.0
10 Dec 1984,0.0
11 Dec 1984,0.0
12 Dec 1984,0.0
13 Dec 1984,0.2088305
14 Dec 1984,0.4644856
15 Dec 1984,0.0
16 Dec 1984,0.0
17 Dec 1984,0.0
18 Dec 1984,0.0
19 Dec 1984,0.0
20 Dec 1984,0.0
21 Dec 1984,0.0
22 Dec 1984,0.0
23 Dec 1984,0.0
24 Dec 1984,0.0
25 Dec 1984,0.0
26 Dec 1984,0.0
27 Dec 1984,0.0
28 Dec 1984,0.0
29 Dec 1984,0.0
30 Dec 1984,0.0
31 Dec 1984,0.0
2 Jan 1985,0.0
4 Jan 1985,0.0
5 Jan 1985,0.0
6 Jan 1985,0.0
9 Jan 1985,0.0
10 Jan 1985,0.0
11 Jan 1985,0.0
14 Jan 1985,0.0
15 Jan 1985,0.0
17 Jan 1985,0.0
18 Jan 1985,0.0
20 Jan 1985,0.0
21 Jan 1985,0.0
22 Jan 1985,0.0
23 Jan 1985,0.0
24 Jan 1985,0.0
25 Jan 1985,0.8832775
26 Jan 1985,0.0
27 Jan 1985,0.0
28 Jan 1985,0.0
29 Jan 1985,0.0
30 Jan 1985,0.0
31 Jan 1985,0.0
1 Feb 1985,0.0
2 Feb 1985,0.0
3 Feb 1985,0.0
4 Feb 1985,0.0
6 Feb 1985,0.0
7 Feb 1985,0.0
8 Feb 1985,0.0
10 Feb 1985,0.0
11 Feb 1985,0.0
12 Feb 1985,0.0
13 Feb 1985,0.0
15 Feb 1985,0.0
17 Feb 1985,0.0
18 Feb 1985,0.0
19 Feb 1985,0.0
22 Feb 1985,0.0
26 Feb 1985,0.0
28 Feb 1985,0.0
1 Mar 1985,0.0
2 Mar 1985,0.0
3 Mar 1985,0.0
4 Mar 1985,0.0
7 Mar 1985,0.0
8 Mar 1985,0.0
9 Mar 1985,0.0
10 Mar 1985,0.0
11 Mar 1985,0.0
12 Mar 1985,0.0
13 Mar 1985,0.0
14 Mar 1985,0.0
17 Mar 1985,0.0
18 Mar 1985,0.0
19 Mar 1985,0.0
20 Mar 1985,0.0
21 Mar 1985,0.0
22 Mar 1985,0.0
23 Mar 1985,0.0
24 Mar 1985,0.0
25 Mar 1985,0.0
26 Mar 1985,0.0
28 Mar 1985,0.0
29 Mar 1985,0.0
1 Apr 1985,0.3253495
2 Apr 1985,0.0
3 Apr 1985,0.0
5 Apr 1985,0.0
6 Apr 1985,0.0
7 Apr 1985,0.0
8 Apr 1985,0.0
9 Apr 1985,0.0
10 Apr 1985,33.06958
11 Apr 1985,1.943477
12 Apr 1985,1.397836
13 Apr 1985,0.2994653
14 Apr 1985,0.0
15 Apr 1985,0.0
16 Apr 1985,0.0
17 Apr 1985,0.0
18 Apr 1985,0.0
19 Apr 1985,0.0
20 Apr 1985,0.0
21 Apr 1985,0.0
22 Apr 1985,2.795936
23 Apr 1985,0.0
24 Apr 1985,0.0
25 Apr 1985,0.0
26 Apr 1985,0.0
30 Apr 1985,3.033594
1 May 1985,0.0
2 May 1985,0.0
3 May 1985,8.301671
7 May 1985,0.0
8 May 1985,0.0
9 May 1985,0.0
10 May 1985,0.431758
11 May 1985,0.0
12 May 1985,0.0
13 May 1985,0.0
14 May 1985,5.818942
15 May 1985,0.0
16 May 1985,0.0
17 May 1985,0.0
18 May 1985,0.0
19 May 1985,0.6027441
21 May 1985,0.0
22 May 1985,0.0
23 May 1985,0.0
24 May 1985,0.0
25 May 1985,0.0
26 May 1985,0.0
27 May 1985,0.0
28 May 1985,0.0
29 May 1985,0.0
30 May 1985,0.0
31 May 1985,0.0
1 Jun 1985,0.0
2 Jun 1985,0.0
3 Jun 1985,0.0
4 Jun 1985,0.0
5 Jun 1985,0.0
6 Jun 1985,0.0
7 Jun 1985,0.0
8 Jun 1985,0.0
9 Jun 1985,0.0
10 Jun 1985,0.0
11 Jun 1985,0.0
12 Jun 1985,0.0
13 Jun 1985,0.0
14 Jun 1985,0.0
15 Jun 1985,0.0
16 Jun 1985,0.0
17 Jun 1985,0.0
18 Jun 1985,0.0
19 Jun 1985,3.49197
20 Jun 1985,1.316016
21 Jun 1985,1.200056
22 Jun 1985,0.0
23 Jun 1985,1.145488
24 Jun 1985,0.7793267
25 Jun 1985,0.7301795
26 Jun 1985,0.0
28 Jun 1985,0.0
29 Jun 1985,0.0
30 Jun 1985,0.0
1 Jul 1985,0.0
2 Jul 1985,0.0
3 Jul 1985,0.0
4 Jul 1985,0.0
5 Jul 1985,0.0
6 Jul 1985,0.3358058
7 Jul 1985,0.0
8 Jul 1985,0.0
9 Jul 1985,17.11688
10 Jul 1985,0.0
11 Jul 1985,0.0
12 Jul 1985,0.0
13 Jul 1985,17.84332
14 Jul 1985,0.0
15 Jul 1985,2.77738
16 Jul 1985,0.0
17 Jul 1985,0.0
18 Jul 1985,6.064356
19 Jul 1985,7.726805
20 Jul 1985,18.32674
21 Jul 1985,0.0
22 Jul 1985,0.0
23 Jul 1985,0.0
24 Jul 1985,2.778386
25 Jul 1985,0.0
26 Jul 1985,0.0
27 Jul 1985,0.0
28 Jul 1985,28.71516
29 Jul 1985,54.78575
30 Jul 1985,0.0
31 Jul 1985,10.62427
1 Aug 1985,20.66361
2 Aug 1985,0.0
3 Aug 1985,0.0
4 Aug 1985,0.0
5 Aug 1985,0.0
6 Aug 1985,0.0
7 Aug 1985,0.0
8 Aug 1985,0.0
9 Aug 1985,0.0
10 Aug 1985,6.0
11 Aug 1985,0.0
12 Aug 1985,0.0
13 Aug 1985,52.7388
14 Aug 1985,12.10335
15 Aug 1985,0.0
16 Aug 1985,0.0
17 Aug 1985,0.0
18 Aug 1985,0.0
19 Aug 1985,3.199982
21 Aug 1985,0.0
22 Aug 1985,0.0
23 Aug 1985,0.0
24 Aug 1985,0.0
25 Aug 1985,0.0
26 Aug 1985,29.599
27 Aug 1985,22.7091
28 Aug 1985,2.966031
29 Aug 1985,0.0
30 Aug 1985,2.735662
31 Aug 1985,37.292
1 Sep 1985,46.63169
2 Sep 1985,0.2501132
3 Sep 1985,5.14343
4 Sep 1985,2.370848
5 Sep 1985,0.0
6 Sep 1985,5.12159
7 Sep 1985,0.0
8 Sep 1985,0.0
9 Sep 1985,0.0
10 Sep 1985,0.2362564
11 Sep 1985,2.192687
12 Sep 1985,0.0
13 Sep 1985,0.0
15 Sep 1985,0.0
16 Sep 1985,0.0
17 Sep 1985,1.454229
18 Sep 1985,0.0
19 Sep 1985,0.0
20 Sep 1985,0.0
21 Sep 1985,0.0
22 Sep 1985,0.0
23 Sep 1985,0.0
24 Sep 1985,0.0
25 Sep 1985,0.0
26 Sep 1985,0.0
27 Sep 1985,0.0
28 Sep 1985,0.0
29 Sep 1985,0.0
30 Sep 1985,0.0
1 Oct 1985,0.0
2 Oct 1985,0.0
3 Oct 1985,0.0
4 Oct 1985,0.0
5 Oct 1985,0.0
6 Oct 1985,0.0
7 Oct 1985,0.0
8 Oct 1985,0.0
9 Oct 1985,0.0
10 Oct 1985,0.0
11 Oct 1985,0.0
12 Oct 1985,0.0
13 Oct 1985,0.0
14 Oct 1985,0.0
15 Oct 1985,0.0
16 Oct 1985,0.0
17 Oct 1985,0.0
18 Oct 1985,0.0
19 Oct 1985,0.0
20 Oct 1985,0.0
21 Oct 1985,0.0
22 Oct 1985,0.0
23 Oct 1985,0.0
24 Oct 1985,0.0
27 Oct 1985,0.0
28 Oct 1985,0.0
29 Oct 1985,0.0
30 Oct 1985,0.0
31 Oct 1985,0.0
1 Nov 1985,0.0
2 Nov 1985,0.0
3 Nov 1985,0.0
4 Nov 1985,0.0
5 Nov 1985,0.0
6 Nov 1985,0.0
7 Nov 1985,0.0
8 Nov 1985,0.0
9 Nov 1985,0.0
10 Nov 1985,0.0
11 Nov 1985,0.0
12 Nov 1985,0.0
13 Nov 1985,0.0
14 Nov 1985,0.0
15 Nov 1985,0.0
16 Nov 1985,0.0
17 Nov 1985,1.51992
18 Nov 1985,0.0
19 Nov 1985,0.0
20 Nov 1985,0.0
21 Nov 1985,0.0
22 Nov 1985,0.0
23 Nov 1985,0.0
24 Nov 1985,0.0
25 Nov 1985,0.0
26 Nov 1985,0.0
27 Nov 1985,0.0
28 Nov 1985,0.0
29 Nov 1985,0.0
30 Nov 1985,0.0
1 Dec 1985,0.0
2 Dec 1985,0.0
3 Dec 1985,0.0
4 Dec 1985,0.0
5 Dec 1985,0.0
6 Dec 1985,0.0
7 Dec 1985,0.0
8 Dec 1985,0.0
9 Dec 1985,0.0
10 Dec 1985,0.0
11 Dec 1985,0.0
12 Dec 1985,0.0
13 Dec 1985,0.0
14 Dec 1985,0.0
15 Dec 1985,0.0
16 Dec 1985,0.0
17 Dec 1985,0.0
18 Dec 1985,0.0
21 Dec 1985,0.0
22 Dec 1985,0.0
23 Dec 1985,0.0
24 Dec 1985,0.0
25 Dec 1985,0.0
26 Dec 1985,0.0
27 Dec 1985,0.0
28 Dec 1985,0.0
29 Dec 1985,0.0
30 Dec 1985,0.0
31 Dec 1985,0.0
2 Jan 1986,0.0
3 Jan 1986,0.0
4 Jan 1986,0.0
5 Jan 1986,0.0
6 Jan 1986,0.0
7 Jan 1986,0.0
8 Jan 1986,0.0
9 Jan 1986,0.0
11 Jan 1986,0.0
12 Jan 1986,0.0
13 Jan 1986,0.0
14 Jan 1986,0.0
15 Jan 1986,0.0
16 Jan 1986,0.0
17 Jan 1986,0.0
18 Jan 1986,0.0
19 Jan 1986,0.0
20 Jan 1986,0.0
21 Jan 1986,0.0
23 Jan 1986,0.0
25 Jan 1986,0.0
26 Jan 1986,0.0
27 Jan 1986,0.0
28 Jan 1986,0.0
29 Jan 1986,0.0
30 Jan 1986,0.0
31 Jan 1986,0.0
1 Feb 1986,0.0
2 Feb 1986,0.0
3 Feb 1986,0.0
4 Feb 1986,0.0
5 Feb 1986,0.0
6 Feb 1986,0.0
7 Feb 1986,0.0
8 Feb 1986,0.0
9 Feb 1986,0.0
11 Feb 1986,0.0
12 Feb 1986,0.0
13 Feb 1986,0.0
14 Feb 1986,0.0
15 Feb 1986,0.0
16 Feb 1986,0.0
17 Feb 1986,0.0
19 Feb 1986,0.0
20 Feb 1986,0.0
21 Feb 1986,0.0
22 Feb 1986,0.0
23 Feb 1986,0.0
24 Feb 1986,0.0
26 Feb 1986,4.250911
27 Feb 1986,0.0
28 Feb 1986,0.0
1 Mar 1986,0.0
2 Mar 1986,0.0
3 Mar 1986,0.0
4 Mar 1986,0.0
5 Mar 1986,0.0
7 Mar 1986,0.0
8 Mar 1986,0.0
9 Mar 1986,0.0
10 Mar 1986,0.0
11 Mar 1986,0.0
12 Mar 1986,0.0
13 Mar 1986,0.0
14 Mar 1986,0.0
15 Mar 1986,0.0
16 Mar 1986,0.0
17 Mar 1986,0.0
18 Mar 1986,1.96533
19 Mar 1986,0.0
20 Mar 1986,0.0
21 Mar 1986,0.0
22 Mar 1986,0.0
23 Mar 1986,0.0
24 Mar 1986,0.0
25 Mar 1986,0.0
26 Mar 1986,0.0
27 Mar 1986,0.0
28 Mar 1986,0.0
29 Mar 1986,0.0
30 Mar 1986,0.0
31 Mar 1986,0.0
1 Apr 1986,0.0
2 Apr 1986,1.142807
3 Apr 1986,0.0
4 Apr 1986,1.70834
5 Apr 1986,0.0
6 Apr 1986,1.202358
8 Apr 1986,0.0
9 Apr 1986,0.0
10 Apr 1986,0.0
11 Apr 1986,0.0
12 Apr 1986,0.0
13 Apr 1986,0.0
14 Apr 1986,8.470675
15 Apr 1986,0.535369
16 Apr 1986,0.0
17 Apr 1986,0.0
18 Apr 1986,0.0
19 Apr 1986,0.0
20 Apr 1986,0.0
21 Apr 1986,0.0
22 Apr 1986,4.096535
23 Apr 1986,0.0
24 Apr 1986,0.0
25 Apr 1986,0.0
26 Apr 1986,11.96245
27 Apr 1986,0.0
28 Apr 1986,0.0
29 Apr 1986,0.0
30 Apr 1986,0.0
2 May 1986,0.0
3 May 1986,0.0
4 May 1986,0.0
5 May 1986,0.0
6 May 1986,0.0
7 May 1986,0.0
8 May 1986,0.0
9 May 1986,0.0
10 May 1986,16.40508
12 May 1986,0.0
13 May 1986,0.7451718
14 May 1986,0.0
15 May 1986,0.0
16 May 1986,0.0
17 May 1986,0.0
18 May 1986,1.668037
19 May 1986,0.0
22 May 1986,0.0
23 May 1986,0.0
24 May 1986,0.0
25 May 1986,0.0
26 May 1986,1.86832
27 May 1986,0.0
28 May 1986,0.0
29 May 1986,0.0
30 May 1986,0.0
31 May 1986,0.0
1 Jun 1986,0.0
2 Jun 1986,0.0
3 Jun 1986,0.0
4 Jun 1986,0.0
5 Jun 1986,0.0
6 Jun 1986,0.0
7 Jun 1986,0.0
8 Jun 1986,0.0
9 Jun 1986,0.0
10 Jun 1986,0.0
11 Jun 1986,0.0
12 Jun 1986,0.0
13 Jun 1986,0.0
14 Jun 1986,46.55048
15 Jun 1986,0.0
16 Jun 1986,0.0
17 Jun 1986,0.0
18 Jun 1986,0.0
19 Jun 1986,0.0
20 Jun 1986,1.324426
21 Jun 1986,0.0
22 Jun 1986,20.49499
24 Jun 1986,0.0
25 Jun 1986,0.0
26 Jun 1986,0.0
27 Jun 1986,0.0
28 Jun 1986,10.40217
29 Jun 1986,16.73636
30 Jun 1986,16.86287
2 Jul 1986,23.32797
3 Jul 1986,22.27753
4 Jul 1986,9.154636
5 Jul 1986,0.0
6 Jul 1986,5.682327
7 Jul 1986,7.56832
8 Jul 1986,0.0
9 Jul 1986,0.0
10 Jul 1986,0.0
11 Jul 1986,31.90072
12 Jul 1986,13.40968
13 Jul 1986,0.0
14 Jul 1986,0.0
15 Jul 1986,0.0
16 Jul 1986,0.0
17 Jul 1986,0.0
18 Jul 1986,0.0
19 Jul 1986,0.0
20 Jul 1986,0.0
21 Jul 1986,0.0
22 Jul 1986,0.0
25 Jul 1986,27.62266
26 Jul 1986,2.99323
28 Jul 1986,0.0
29 Jul 1986,0.0
30 Jul 1986,14.56798
31 Jul 1986,29.54865
2 Aug 1986,0.0
4 Aug 1986,4.180724
5 Aug 1986,13.58093
6 Aug 1986,13.26331
7 Aug 1986,0.0
8 Aug 1986,20.24304
9 Aug 1986,19.31758
10 Aug 1986,115.6696
11 Aug 1986,11.70536
13 Aug 1986,11.01585
14 Aug 1986,10.30385
15 Aug 1986,0.0
16 Aug 1986,0.0
17 Aug 1986,0.0
18 Aug 1986,0.0
19 Aug 1986,0.0
20 Aug 1986,0.0
21 Aug 1986,1.216628
22 Aug 1986,0.0
23 Aug 1986,0.0
24 Aug 1986,40.82584
25 Aug 1986,4.726338
26 Aug 1986,0.0
27 Aug 1986,0.0
28 Aug 1986,4.375178
29 Aug 1986,19.90482
30 Aug 1986,7.659873
31 Aug 1986,0.0
1 Sep 1986,0.0
2 Sep 1986,0.0
5 Sep 1986,0.0
6 Sep 1986,23.21837
7 Sep 1986,0.0
8 Sep 1986,22.60146
9 Sep 1986,16.57252
10 Sep 1986,0.0
11 Sep 1986,0.2994287
12 Sep 1986,0.0
13 Sep 1986,0.0
14 Sep 1986,0.0
15 Sep 1986,0.0
16 Sep 1986,0.0
17 Sep 1986,4.720949
18 Sep 1986,0.0
19 Sep 1986,0.0
20 Sep 1986,0.0
21 Sep 1986,0.0
22 Sep 1986,6.913731
23 Sep 1986,0.0
24 Sep 1986,0.0
25 Sep 1986,0.0
26 Sep 1986,0.0
27 Sep 1986,0.0
28 Sep 1986,0.0
29 Sep 1986,0.0
30 Sep 1986,0.0
1 Oct 1986,18.87195
2 Oct 1986,0.0
3 Oct 1986,0.0
5 Oct 1986,0.0
6 Oct 1986,0.0
7 Oct 1986,0.0
8 Oct 1986,0.0
10 Oct 1986,0.0
11 Oct 1986,0.0
12 Oct 1986,0.0
13 Oct 1986,0.0
14 Oct 1986,0.0
15 Oct 1986,0.0
16 Oct 1986,0.0
17 Oct 1986,0.0
18 Oct 1986,0.0
19 Oct 1986,0.0
20 Oct 1986,0.0
21 Oct 1986,0.0
22 Oct 1986,0.0
23 Oct 1986,0.0
24 Oct 1986,0.0
25 Oct 1986,0.0
26 Oct 1986,0.0
27 Oct 1986,0.0
28 Oct 1986,0.0
30 Oct 1986,0.0
31 Oct 1986,0.0
1 Nov 1986,0.0
2 Nov 1986,0.0
3 Nov 1986,0.0
4 Nov 1986,0.0
6 Nov 1986,0.0
7 Nov 1986,0.0
8 Nov 1986,0.0
9 Nov 1986,0.0
10 Nov 1986,0.0
11 Nov 1986,0.0
12 Nov 1986,0.0
13 Nov 1986,0.0
14 Nov 1986,0.0
15 Nov 1986,0.0
16 Nov 1986,0.0
17 Nov 1986,0.0
18 Nov 1986,0.0
19 Nov 1986,0.0
21 Nov 1986,0.0
22 Nov 1986,0.0
23 Nov 1986,0.0
24 Nov 1986,0.0
25 Nov 1986,0.0
26 Nov 1986,0.0
27 Nov 1986,0.0
28 Nov 1986,0.0
29 Nov 1986,0.0
30 Nov 1986,0.0
1 Dec 1986,0.0
2 Dec 1986,0.0
3 Dec 1986,0.0
4 Dec 1986,0.0
5 Dec 1986,0.0
6 Dec 1986,0.0
7 Dec 1986,0.0
8 Dec 1986,0.0
9 Dec 1986,0.0
10 Dec 1986,0.0
11 Dec 1986,0.0
12 Dec 1986,0.0
13 Dec 1986,0.0
14 Dec 1986,0.0
15 Dec 1986,0.0
16 Dec 1986,0.0
17 Dec 1986,0.0
18 Dec 1986,0.0
19 Dec 1986,0.0
20 Dec 1986,0.0
21 Dec 1986,0.0
22 Dec 1986,0.0
23 Dec 1986,0.0
24 Dec 1986,0.0
25 Dec 1986,0.0
26 Dec 1986,0.0
27 Dec 1986,0.0
28 Dec 1986,0.0
29 Dec 1986,0.0
30 Dec 1986,0.0
31 Dec 1986,0.0
1 Jan 1987,0.0
2 Jan 1987,0.0
3 Jan 1987,0.0
4 Jan 1987,0.0
5 Jan 1987,0.0
6 Jan 1987,0.0
7 Jan 1987,0.0
8 Jan 1987,0.0
9 Jan 1987,0.0
10 Jan 1987,0.0
11 Jan 1987,0.0
12 Jan 1987,0.0
13 Jan 1987,0.0
14 Jan 1987,0.0
15 Jan 1987,0.0
16 Jan 1987,0.0
17 Jan 1987,0.0
18 Jan 1987,0.0
19 Jan 1987,0.0
20 Jan 1987,0.0
21 Jan 1987,0.0
22 Jan 1987,0.0
23 Jan 1987,0.0
24 Jan 1987,0.0
25 Jan 1987,0.0
26 Jan 1987,0.0
27 Jan 1987,0.0
28 Jan 1987,0.0
29 Jan 1987,0.0
30 Jan 1987,0.0
31 Jan 1987,0.0
1 Feb 1987,0.0
2 Feb 1987,0.0
3 Feb 1987,0.0
4 Feb 1987,0.0
5 Feb 1987,0.0
6 Feb 1987,0.0
7 Feb 1987,0.0
8 Feb 1987,0.0
9 Feb 1987,0.0
10 Feb 1987,0.0
11 Feb 1987,0.0
12 Feb 1987,0.0
13 Feb 1987,0.0
14 Feb 1987,0.0
15 Feb 1987,0.0
16 Feb 1987,0.0
17 Feb 1987,0.0
18 Feb 1987,0.0
19 Feb 1987,0.0
20 Feb 1987,0.0
22 Feb 1987,0.0
23 Feb 1987,0.0
24 Feb 1987,0.0
25 Feb 1987,0.0
26 Feb 1987,0.0
27 Feb 1987,0.8630916
28 Feb 1987,0.0
1 Mar 1987,0.0
2 Mar 1987,0.0
3 Mar 1987,0.0
4 Mar 1987,5.062477
6 Mar 1987,0.0
7 Mar 1987,1.248196
8 Mar 1987,0.0
9 Mar 1987,0.0
10 Mar 1987,0.0
12 Mar 1987,0.0
13 Mar 1987,0.0
15 Mar 1987,0.0
16 Mar 1987,0.0
17 Mar 1987,0.0
18 Mar 1987,0.0
19 Mar 1987,0.2695996
20 Mar 1987,0.4160574
21 Mar 1987,6.113126
22 Mar 1987,0.0
23 Mar 1987,0.3783327
24 Mar 1987,0.0
25 Mar 1987,0.0
26 Mar 1987,0.0
27 Mar 1987,0.0
28 Mar 1987,0.0
29 Mar 1987,0.0
30 Mar 1987,0.0
31 Mar 1987,0.0
1 Apr 1987,0.0
2 Apr 1987,0.0
3 Apr 1987,0.0
4 Apr 1987,0.0
5 Apr 1987,0.0
6 Apr 1987,0.0
7 Apr 1987,0.0
8 Apr 1987,4.647374
9 Apr 1987,0.0
10 Apr 1987,0.0
11 Apr 1987,0.0
12 Apr 1987,0.0
13 Apr 1987,0.0
14 Apr 1987,24.52241
15 Apr 1987,0.0
16 Apr 1987,0.0
17 Apr 1987,0.0
18 Apr 1987,0.0
19 Apr 1987,0.0
20 Apr 1987,0.0
23 Apr 1987,0.0
24 Apr 1987,0.0
25 Apr 1987,0.0
26 Apr 1987,0.0
27 Apr 1987,0.0
28 Apr 1987,0.0
29 Apr 1987,0.0
30 Apr 1987,0.0
1 May 1987,0.0
2 May 1987,0.0
3 May 1987,0.0
4 May 1987,0.0
5 May 1987,0.0
6 May 1987,3.548444
7 May 1987,7.619331
8 May 1987,0.0
9 May 1987,0.0
10 May 1987,0.0
11 May 1987,0.0
12 May 1987,0.0
13 May 1987,0.4393229
14 May 1987,0.0
15 May 1987,0.0
16 May 1987,5.175777
17 May 1987,0.0
18 May 1987,10.60225
19 May 1987,0.0
20 May 1987,17.22784
21 May 1987,18.18559
22 May 1987,0.0
23 May 1987,0.0
24 May 1987,0.0
25 May 1987,6.736492
26 May 1987,8.690927
27 May 1987,0.0
28 May 1987,14.38284
29 May 1987,0.0
30 May 1987,48.05165
31 May 1987,0.0
1 Jun 1987,0.0
2 Jun 1987,6.223905
3 Jun 1987,12.91047
4 Jun 1987,0.0
5 Jun 1987,14.18618
6 Jun 1987,1.801194
7 Jun 1987,0.0
8 Jun 1987,0.0
9 Jun 1987,0.0
10 Jun 1987,0.0
11 Jun 1987,0.0
12 Jun 1987,0.0
13 Jun 1987,0.0
14 Jun 1987,0.0
15 Jun 1987,38.71484
16 Jun 1987,3.843101
17 Jun 1987,0.0
18 Jun 1987,0.0
19 Jun 1987,11.4384
20 Jun 1987,2.081473
21 Jun 1987,0.0
22 Jun 1987,0.0
23 Jun 1987,1.735545
24 Jun 1987,0.0
25 Jun 1987,0.0
26 Jun 1987,0.0
27 Jun 1987,0.0
1 Jul 1987,0.0
2 Jul 1987,0.7432175
4 Jul 1987,0.0
5 Jul 1987,0.0
6 Jul 1987,61.44507
7 Jul 1987,34.6546
8 Jul 1987,4.186407
9 Jul 1987,0.0
10 Jul 1987,26.89526
11 Jul 1987,5.769997
12 Jul 1987,27.31415
13 Jul 1987,0.0
14 Jul 1987,0.0
15 Jul 1987,0.0
16 Jul 1987,0.0
17 Jul 1987,0.0
18 Jul 1987,0.0
19 Jul 1987,0.0
20 Jul 1987,0.0
21 Jul 1987,0.0
22 Jul 1987,0.0
23 Jul 1987,0.0
24 Jul 1987,0.0
25 Jul 1987,0.0
26 Jul 1987,0.0
27 Jul 1987,0.0
29 Jul 1987,0.0
30 Jul 1987,0.0
31 Jul 1987,0.0
1 Aug 1987,7.723962
2 Aug 1987,0.0
3 Aug 1987,0.0
4 Aug 1987,2.479044
5 Aug 1987,0.8507503
6 Aug 1987,6.105593
7 Aug 1987,60.00305
8 Aug 1987,0.0
9 Aug 1987,7.657629
10 Aug 1987,5.170532
12 Aug 1987,14.71696
13 Aug 1987,29.90162
14 Aug 1987,0.0
15 Aug 1987,0.0
16 Aug 1987,61.63506
17 Aug 1987,0.0
18 Aug 1987,0.0
19 Aug 1987,6.081455
20 Aug 1987,3.093056
21 Aug 1987,3.280996
22 Aug 1987,0.0
23 Aug 1987,0.0
24 Aug 1987,0.0
25 Aug 1987,0.0
26 Aug 1987,0.0
27 Aug 1987,0.0
28 Aug 1987,0.0
29 Aug 1987,0.8350078
30 Aug 1987,0.0
31 Aug 1987,0.0
1 Sep 1987,0.0
2 Sep 1987,0.0
3 Sep 1987,0.0
4 Sep 1987,0.0
5 Sep 1987,0.0
6 Sep 1987,0.0
7 Sep 1987,0.0
8 Sep 1987,4.29843
9 Sep 1987,0.0
10 Sep 1987,23.96314
11 Sep 1987,0.0
12 Sep 1987,0.0
13 Sep 1987,0.0
14 Sep 1987,0.0
15 Sep 1987,0.0
16 Sep 1987,0.0
17 Sep 1987,0.0
18 Sep 1987,0.0
19 Sep 1987,0.0
20 Sep 1987,0.0
21 Sep 1987,0.0
22 Sep 1987,0.0
24 Sep 1987,0.0
25 Sep 1987,0.0
26 Sep 1987,0.0
27 Sep 1987,0.0
28 Sep 1987,0.0
29 Sep 1987,0.0
30 Sep 1987,0.0
1 Oct 1987,3.209848
2 Oct 1987,0.7653862
3 Oct 1987,0.0
4 Oct 1987,0.0
5 Oct 1987,0.0
6 Oct 1987,0.0
7 Oct 1987,0.0
8 Oct 1987,0.0
9 Oct 1987,0.0
10 Oct 1987,0.0
11 Oct 1987,0.0
12 Oct 1987,0.0
13 Oct 1987,0.0
14 Oct 1987,0.0
15 Oct 1987,0.0
16 Oct 1987,0.0
17 Oct 1987,0.0
18 Oct 1987,0.0
19 Oct 1987,0.0
20 Oct 1987,0.0
21 Oct 1987,0.0
22 Oct 1987,0.0
23 Oct 1987,0.0
24 Oct 1987,0.0
25 Oct 1987,0.0
26 Oct 1987,0.0
27 Oct 1987,0.0
28 Oct 1987,0.0
29 Oct 1987,0.0
30 Oct 1987,0.0
31 Oct 1987,0.0
1 Nov 1987,0.0
2 Nov 1987,0.0
3 Nov 1987,0.0
4 Nov 1987,0.0
5 Nov 1987,0.0
6 Nov 1987,0.0
7 Nov 1987,0.0
8 Nov 1987,0.0
9 Nov 1987,0.0
10 Nov 1987,0.0
11 Nov 1987,0.0
12 Nov 1987,0.0
13 Nov 1987,0.0
14 Nov 1987,0.0
15 Nov 1987,0.0
16 Nov 1987,0.0
17 Nov 1987,0.0
18 Nov 1987,0.0
19 Nov 1987,0.0
20 Nov 1987,0.0
21 Nov 1987,0.0
22 Nov 1987,0.0
23 Nov 1987,0.0
24 Nov 1987,0.0
25 Nov 1987,0.0
26 Nov 1987,0.0
27 Nov 1987,0.0
28 Nov 1987,0.0
29 Nov 1987,0.0
30 Nov 1987,0.0
1 Dec 1987,0.0
2 Dec 1987,0.0
3 Dec 1987,0.0
4 Dec 1987,0.0
5 Dec 1987,0.0
6 Dec 1987,0.0
7 Dec 1987,0.0
8 Dec 1987,0.0
9 Dec 1987,0.0
10 Dec 1987,0.0
11 Dec 1987,0.0
12 Dec 1987,0.0
13 Dec 1987,0.0
14 Dec 1987,0.0
15 Dec 1987,0.0
16 Dec 1987,0.0
17 Dec 1987,0.0
18 Dec 1987,0.0
19 Dec 1987,0.0
20 Dec 1987,0.0
21 Dec 1987,0.0
22 Dec 1987,0.0
23 Dec 1987,0.0
24 Dec 1987,0.0
25 Dec 1987,0.0
26 Dec 1987,0.0
27 Dec 1987,0.0
28 Dec 1987,0.0
29 Dec 1987,0.0
30 Dec 1987,0.0
31 Dec 1987,0.0
1 Jan 1988,0.0
2 Jan 1988,0.0
3 Jan 1988,0.0
5 Jan 1988,0.0
6 Jan 1988,0.0
7 Jan 1988,0.0
8 Jan 1988,0.0
9 Jan 1988,0.0
10 Jan 1988,0.0
11 Jan 1988,0.0
12 Jan 1988,0.0
13 Jan 1988,0.0
14 Jan 1988,0.0
15 Jan 1988,0.0
16 Jan 1988,0.0
17 Jan 1988,0.0
18 Jan 1988,0.0
19 Jan 1988,0.0
20 Jan 1988,0.0
21 Jan 1988,0.0
22 Jan 1988,0.0
23 Jan 1988,0.0
24 Jan 1988,0.0
25 Jan 1988,0.0
26 Jan 1988,0.0
27 Jan 1988,0.0
28 Jan 1988,0.0
29 Jan 1988,0.0
30 Jan 1988,0.0
31 Jan 1988,0.0
1 Feb 1988,0.0
2 Feb 1988,0.0
3 Feb 1988,0.0
4 Feb 1988,0.0
5 Feb 1988,0.0
6 Feb 1988,0.0
7 Feb 1988,0.0
8 Feb 1988,0.0
9 Feb 1988,0.0
10 Feb 1988,0.0
11 Feb 1988,0.0
12 Feb 1988,0.0
13 Feb 1988,0.0
14 Feb 1988,0.0
15 Feb 1988,0.0
16 Feb 1988,0.0
17 Feb 1988,0.0
18 Feb 1988,0.0
19 Feb 1988,0.2071942
20 Feb 1988,0.0
21 Feb 1988,0.0
22 Feb 1988,7.420543
23 Feb 1988,0.0
24 Feb 1988,8.021584
25 Feb 1988,0.0
26 Feb 1988,0.0
27 Feb 1988,0.0
28 Feb 1988,0.0
29 Feb 1988,0.0
1 Mar 1988,0.0
2 Mar 1988,0.0
3 Mar 1988,0.0
4 Mar 1988,0.0
5 Mar 1988,0.0
6 Mar 1988,0.0
7 Mar 1988,0.0
8 Mar 1988,0.0
9 Mar 1988,0.0
10 Mar 1988,0.0
11 Mar 1988,0.0
12 Mar 1988,0.0
13 Mar 1988,0.0
14 Mar 1988,0.0
15 Mar 1988,0.0
16 Mar 1988,0.0
17 Mar 1988,0.0
18 Mar 1988,0.0
19 Mar 1988,0.0
20 Mar 1988,0.0
21 Mar 1988,0.0
22 Mar 1988,0.0
23 Mar 1988,0.0
24 Mar 1988,0.0
25 Mar 1988,0.0
26 Mar 1988,0.0
27 Mar 1988,0.0
28 Mar 1988,0.0
30 Mar 1988,0.0
31 Mar 1988,0.0
1 Apr 1988,0.0
2 Apr 1988,0.0
3 Apr 1988,0.0
4 Apr 1988,0.0
5 Apr 1988,0.0
6 Apr 1988,0.0
7 Apr 1988,0.9499321
8 Apr 1988,0.0
9 Apr 1988,0.0
10 Apr 1988,0.0
11 Apr 1988,0.0
12 Apr 1988,0.0
13 Apr 1988,0.0
14 Apr 1988,0.0
15 Apr 1988,0.0
16 Apr 1988,0.0
17 Apr 1988,5.430801
18 Apr 1988,0.0
19 Apr 1988,0.0
20 Apr 1988,0.0
21 Apr 1988,0.0
22 Apr 1988,0.0
23 Apr 1988,0.3108895
24 Apr 1988,0.0
25 Apr 1988,0.0
26 Apr 1988,0.0
27 Apr 1988,0.0
28 Apr 1988,0.0
29 Apr 1988,0.0
30 Apr 1988,0.0
1 May 1988,0.0
2 May 1988,0.0
3 May 1988,0.0
4 May 1988,0.0
5 May 1988,0.0
6 May 1988,0.0
7 May 1988,0.0
8 May 1988,0.0
9 May 1988,0.0
10 May 1988,0.0
11 May 1988,0.0
12 May 1988,0.0
13 May 1988,0.0
14 May 1988,0.0
15 May 1988,7.807285
16 May 1988,0.0
17 May 1988,4.836915
18 May 1988,0.0
19 May 1988,0.0
20 May 1988,0.0
21 May 1988,0.0
22 May 1988,0.0
23 May 1988,0.0
24 May 1988,0.0
25 May 1988,0.0
26 May 1988,0.0
27 May 1988,0.0
28 May 1988,0.0
29 May 1988,0.0
30 May 1988,0.0
31 May 1988,0.0
1 Jun 1988,0.0
2 Jun 1988,7.579401
3 Jun 1988,0.4464844
4 Jun 1988,0.0
5 Jun 1988,0.0
6 Jun 1988,0.0
7 Jun 1988,0.0
8 Jun 1988,0.0
9 Jun 1988,0.0
10 Jun 1988,0.0
11 Jun 1988,0.0
12 Jun 1988,0.0
13 Jun 1988,0.0
14 Jun 1988,0.0
15 Jun 1988,0.0
16 Jun 1988,0.0
17 Jun 1988,0.0
18 Jun 1988,0.0
19 Jun 1988,0.0
20 Jun 1988,0.0
21 Jun 1988,0.0
22 Jun 1988,0.0
23 Jun 1988,0.0
24 Jun 1988,0.0
25 Jun 1988,0.0
26 Jun 1988,0.0
27 Jun 1988,0.0
28 Jun 1988,0.0
29 Jun 1988,0.0
30 Jun 1988,0.0
1 Jul 1988,0.0
2 Jul 1988,0.0
3 Jul 1988,12.25357
4 Jul 1988,4.28255
5 Jul 1988,9.631282
6 Jul 1988,7.635391
7 Jul 1988,8.249808
8 Jul 1988,4.303869
9 Jul 1988,19.56829
10 Jul 1988,0.0
11 Jul 1988,0.0
12 Jul 1988,0.0
13 Jul 1988,0.0
14 Jul 1988,2.544437
15 Jul 1988,5.162694
16 Jul 1988,0.0
17 Jul 1988,22.9771
18 Jul 1988,21.2366
19 Jul 1988,19.35549
20 Jul 1988,0.0
22 Jul 1988,5.937225
23 Jul 1988,0.0
24 Jul 1988,11.8677
25 Jul 1988,7.405177
26 Jul 1988,0.0
27 Jul 1988,49.58347
28 Jul 1988,30.33123
29 Jul 1988,59.18743
30 Jul 1988,10.78678
31 Jul 1988,6.468539
1 Aug 1988,6.077218
2 Aug 1988,0.0
3 Aug 1988,6.888957
4 Aug 1988,0.0
5 Aug 1988,22.47366
6 Aug 1988,39.98692
7 Aug 1988,0.0
8 Aug 1988,9.752956
9 Aug 1988,17.41119
10 Aug 1988,10.11814
11 Aug 1988,25.61677
12 Aug 1988,0.0
13 Aug 1988,0.0
14 Aug 1988,7.49493
15 Aug 1988,47.45605
16 Aug 1988,0.0
17 Aug 1988,19.1553
18 Aug 1988,0.0
19 Aug 1988,9.636883
20 Aug 1988,0.0
21 Aug 1988,0.0
22 Aug 1988,0.0
23 Aug 1988,0.0
24 Aug 1988,0.0
25 Aug 1988,0.0
26 Aug 1988,0.0
27 Aug 1988,0.0
28 Aug 1988,0.0
29 Aug 1988,5.775414
30 Aug 1988,11.30648
31 Aug 1988,13.73286
1 Sep 1988,0.0
2 Sep 1988,0.0
3 Sep 1988,9.064821
4 Sep 1988,0.0
5 Sep 1988,0.0
6 Sep 1988,0.0
7 Sep 1988,0.0
8 Sep 1988,0.0
9 Sep 1988,0.0
10 Sep 1988,7.637977
11 Sep 1988,0.0
13 Sep 1988,5.793847
15 Sep 1988,7.906012
16 Sep 1988,4.614277
17 Sep 1988,12.70089
18 Sep 1988,0.0
19 Sep 1988,0.0
20 Sep 1988,15.3066
21 Sep 1988,3.590196
22 Sep 1988,0.0
23 Sep 1988,1.071061
24 Sep 1988,0.0
25 Sep 1988,0.0
26 Sep 1988,0.0
27 Sep 1988,6.348539
28 Sep 1988,0.0
29 Sep 1988,0.0
30 Sep 1988,0.0
1 Oct 1988,0.0
2 Oct 1988,0.0
3 Oct 1988,0.0
4 Oct 1988,10.59663
5 Oct 1988,0.0
6 Oct 1988,0.0
7 Oct 1988,0.0
8 Oct 1988,0.0
9 Oct 1988,0.0
10 Oct 1988,0.0
12 Oct 1988,0.0
13 Oct 1988,7.549317
14 Oct 1988,6.596759
15 Oct 1988,10.08741
16 Oct 1988,0.0
17 Oct 1988,0.0
18 Oct 1988,0.0
19 Oct 1988,0.0
20 Oct 1988,0.0
21 Oct 1988,0.0
22 Oct 1988,0.0
23 Oct 1988,0.0
24 Oct 1988,0.0
25 Oct 1988,0.0
26 Oct 1988,0.0
27 Oct 1988,0.0
28 Oct 1988,0.0
29 Oct 1988,0.0
30 Oct 1988,0.0
31 Oct 1988,0.0
1 Nov 1988,0.0
2 Nov 1988,0.0
3 Nov 1988,0.0
4 Nov 1988,0.0
5 Nov 1988,2.810182
6 Nov 1988,0.0
7 Nov 1988,0.0
8 Nov 1988,0.0
9 Nov 1988,0.0
10 Nov 1988,0.0
11 Nov 1988,0.0
12 Nov 1988,0.0
13 Nov 1988,0.0
14 Nov 1988,0.0
5 Jan 1989,0.0
6 Jan 1989,0.0
7 Jan 1989,0.0
8 Jan 1989,0.0
9 Jan 1989,0.0
10 Jan 1989,0.0
11 Jan 1989,0.0
12 Jan 1989,0.0
13 Jan 1989,0.0
14 Jan 1989,0.0
15 Jan 1989,0.0
16 Jan 1989,0.0
17 Jan 1989,0.0
18 Jan 1989,0.0
19 Jan 1989,0.0
20 Jan 1989,0.0
21 Jan 1989,0.0
22 Jan 1989,0.0
23 Jan 1989,0.0
24 Jan 1989,0.0
25 Jan 1989,0.0
26 Jan 1989,0.0
27 Jan 1989,0.0
28 Jan 1989,0.0
29 Jan 1989,0.0
30 Jan 1989,0.0
2 Feb 1989,0.0
3 Feb 1989,0.0
4 Feb 1989,0.0
5 Feb 1989,0.0
6 Feb 1989,0.0
7 Feb 1989,0.0
8 Feb 1989,0.0
9 Feb 1989,0.0
10 Feb 1989,0.0
11 Feb 1989,0.0
12 Feb 1989,0.0
13 Feb 1989,0.0
14 Feb 1989,0.0
15 Feb 1989,0.0
16 Feb 1989,0.0
17 Feb 1989,0.0
18 Feb 1989,0.0
19 Feb 1989,0.0
21 Feb 1989,0.0
22 Feb 1989,0.0
23 Feb 1989,0.0
24 Feb 1989,0.0
25 Feb 1989,0.0
26 Feb 1989,0.0
27 Feb 1989,0.0
28 Feb 1989,0.0
1 Mar 1989,0.0
2 Mar 1989,0.0
3 Mar 1989,0.0
4 Mar 1989,0.0
5 Mar 1989,0.0
6 Mar 1989,0.0
8 Mar 1989,0.0
9 Mar 1989,0.0
10 Mar 1989,0.0
11 Mar 1989,0.0
12 Mar 1989,0.0
13 Mar 1989,0.0
14 Mar 1989,0.0
15 Mar 1989,0.0
16 Mar 1989,0.0
17 Mar 1989,0.0
18 Mar 1989,0.0
19 Mar 1989,0.0
20 Mar 1989,0.0
21 Mar 1989,0.0
22 Mar 1989,0.0
23 Mar 1989,0.0
24 Mar 1989,0.0
25 Mar 1989,0.0
26 Mar 1989,0.0
27 Mar 1989,1.663771
28 Mar 1989,0.0
29 Mar 1989,18.31595
30 Mar 1989,0.0
31 Mar 1989,0.0
1 Apr 1989,0.0
2 Apr 1989,0.0
3 Apr 1989,0.0
4 Apr 1989,0.0
7 Apr 1989,0.0
8 Apr 1989,0.0
9 Apr 1989,0.0
10 Apr 1989,0.0
11 Apr 1989,0.0
12 Apr 1989,0.0
13 Apr 1989,0.0
14 Apr 1989,0.0
15 Apr 1989,0.0
16 Apr 1989,0.0
17 Apr 1989,0.0
18 Apr 1989,0.0
20 Apr 1989,0.0
21 Apr 1989,0.0
22 Apr 1989,0.0
23 Apr 1989,0.0
24 Apr 1989,0.0
25 Apr 1989,0.0
29 Apr 1989,0.0
30 Apr 1989,0.0
1 May 1989,0.0
2 May 1989,0.0
3 May 1989,0.0
4 May 1989,0.0
5 May 1989,0.0
6 May 1989,0.0
7 May 1989,0.0
8 May 1989,0.0
9 May 1989,0.0
10 May 1989,0.0
11 May 1989,0.0
12 May 1989,0.0
13 May 1989,0.0
14 May 1989,0.0
15 May 1989,0.0
16 May 1989,0.0
18 May 1989,0.0
19 May 1989,0.0
20 May 1989,0.0
21 May 1989,0.0
25 May 1989,0.0
26 May 1989,0.0
27 May 1989,0.0
28 May 1989,0.0
29 May 1989,0.0
30 May 1989,0.0
31 May 1989,0.0
1 Jun 1989,0.0
2 Jun 1989,0.0
3 Jun 1989,0.0
4 Jun 1989,0.0
5 Jun 1989,0.0
7 Jun 1989,0.0
8 Jun 1989,0.0
9 Jun 1989,0.0
10 Jun 1989,0.0
11 Jun 1989,0.0
12 Jun 1989,0.0
13 Jun 1989,0.0
14 Jun 1989,0.0
15 Jun 1989,0.0
16 Jun 1989,0.0
17 Jun 1989,0.0
18 Jun 1989,0.0
19 Jun 1989,0.0
20 Jun 1989,0.0
21 Jun 1989,0.0
22 Jun 1989,0.0
23 Jun 1989,0.0
24 Jun 1989,0.0
25 Jun 1989,0.0
26 Jun 1989,0.0
27 Jun 1989,0.0
28 Jun 1989,0.0
29 Jun 1989,0.0
30 Jun 1989,0.0
1 Jul 1989,17.33174
2 Jul 1989,0.0
3 Jul 1989,0.0
4 Jul 1989,0.0
5 Jul 1989,0.0
6 Jul 1989,0.0
7 Jul 1989,0.0
8 Jul 1989,0.0
9 Jul 1989,0.0
10 Jul 1989,0.0
11 Jul 1989,5.625906
12 Jul 1989,0.0
13 Jul 1989,3.085451
14 Jul 1989,0.0
15 Jul 1989,11.65359
16 Jul 1989,20.66059
17 Jul 1989,10.43004
18 Jul 1989,18.4566
19 Jul 1989,0.0
20 Jul 1989,0.0
21 Jul 1989,5.815891
22 Jul 1989,0.0
23 Jul 1989,16.20554
24 Jul 1989,0.0
25 Jul 1989,0.0
26 Jul 1989,0.0
27 Jul 1989,4.080135
28 Jul 1989,21.46115
29 Jul 1989,0.0
30 Jul 1989,0.0
31 Jul 1989,0.0
1 Aug 1989,11.25555
3 Aug 1989,0.0
4 Aug 1989,12.64994
5 Aug 1989,31.24779
6 Aug 1989,7.161675
7 Aug 1989,0.0
8 Aug 1989,0.0
9 Aug 1989,0.0
10 Aug 1989,0.0
11 Aug 1989,4.007864
12 Aug 1989,0.0
13 Aug 1989,22.9403
14 Aug 1989,0.0
15 Aug 1989,8.575391
16 Aug 1989,0.0
17 Aug 1989,3.789155
18 Aug 1989,3.99886
19 Aug 1989,4.926141
20 Aug 1989,0.0
21 Aug 1989,0.0
22 Aug 1989,0.0
23 Aug 1989,0.0
24 Aug 1989,0.0
25 Aug 1989,0.0
26 Aug 1989,0.0
27 Aug 1989,0.0
28 Aug 1989,0.0
29 Aug 1989,0.0
30 Aug 1989,0.0
31 Aug 1989,0.0
1 Sep 1989,0.0
2 Sep 1989,0.0
3 Sep 1989,0.0
4 Sep 1989,0.0
5 Sep 1989,0.0
6 Sep 1989,0.0
8 Sep 1989,0.0
9 Sep 1989,0.0
10 Sep 1989,0.0
11 Sep 1989,0.0
12 Sep 1989,0.0
13 Sep 1989,17.53999
14 Sep 1989,0.0
15 Sep 1989,0.0
16 Sep 1989,0.0
17 Sep 1989,0.0
19 Sep 1989,0.0
20 Sep 1989,0.0
21 Sep 1989,0.0
22 Sep 1989,0.0
23 Sep 1989,0.0
24 Sep 1989,0.0
25 Sep 1989,0.0
26 Sep 1989,0.0
27 Sep 1989,0.0
28 Sep 1989,68.11576
29 Sep 1989,6.067426
30 Sep 1989,0.0
1 Oct 1989,0.0
2 Oct 1989,0.0
3 Oct 1989,0.0
4 Oct 1989,0.0
5 Oct 1989,0.0
6 Oct 1989,0.0
7 Oct 1989,0.0
8 Oct 1989,0.0
9 Oct 1989,0.0
11 Oct 1989,0.0
12 Oct 1989,0.0
13 Oct 1989,0.0
14 Oct 1989,0.0
15 Oct 1989,0.0
16 Oct 1989,0.0
17 Oct 1989,0.0
18 Oct 1989,0.0
19 Oct 1989,5.345706
20 Oct 1989,0.0
21 Oct 1989,0.0
22 Oct 1989,0.0
23 Oct 1989,0.0
24 Oct 1989,0.0
25 Oct 1989,0.0
26 Oct 1989,0.0
27 Oct 1989,0.0
28 Oct 1989,0.0
29 Oct 1989,0.0
30 Oct 1989,0.0
1 Nov 1989,0.0
2 Nov 1989,0.0
3 Nov 1989,0.0
4 Nov 1989,0.0
5 Nov 1989,0.0
6 Nov 1989,0.0
9 Nov 1989,0.0
12 Nov 1989,0.0
13 Nov 1989,0.0
14 Nov 1989,0.0
15 Nov 1989,0.0
16 Nov 1989,0.0
17 Nov 1989,0.0
18 Nov 1989,0.0
19 Nov 1989,0.0
20 Nov 1989,0.0
21 Nov 1989,0.0
22 Nov 1989,0.0
23 Nov 1989,0.0
24 Nov 1989,0.0
25 Nov 1989,0.0
26 Nov 1989,0.0
27 Nov 1989,0.0
28 Nov 1989,0.0
29 Nov 1989,0.0
30 Nov 1989,0.0
1 Dec 1989,0.0
2 Dec 1989,0.0
3 Dec 1989,0.0
4 Dec 1989,0.0
5 Dec 1989,0.0
8 Dec 1989,0.0
9 Dec 1989,0.0
10 Dec 1989,0.0
11 Dec 1989,66.2195
12 Dec 1989,0.0
13 Dec 1989,0.0
14 Dec 1989,0.0
15 Dec 1989,0.0
16 Dec 1989,0.0
17 Dec 1989,0.0
18 Dec 1989,0.0
19 Dec 1989,0.0
20 Dec 1989,0.0
21 Dec 1989,0.0
22 Dec 1989,0.0
23 Dec 1989,0.0
24 Dec 1989,0.0
25 Dec 1989,0.0
26 Dec 1989,0.0
27 Dec 1989,0.0
28 Dec 1989,0.0
29 Dec 1989,0.0
30 Dec 1989,0.0
31 Dec 1989,0.0
1 Jan 1990,0.0
4 Jan 1990,0.0
5 Jan 1990,0.0
6 Jan 1990,0.0
7 Jan 1990,0.0
8 Jan 1990,0.0
9 Jan 1990,0.0
10 Jan 1990,0.0
11 Jan 1990,0.0
12 Jan 1990,0.0
13 Jan 1990,0.0
15 Jan 1990,0.0
16 Jan 1990,0.0
17 Jan 1990,0.0
18 Jan 1990,0.0
19 Jan 1990,0.0
20 Jan 1990,0.0
21 Jan 1990,0.0
22 Jan 1990,0.0
23 Jan 1990,0.0
24 Jan 1990,0.0
25 Jan 1990,0.0
26 Jan 1990,0.0
30 Jan 1990,0.0
31 Jan 1990,0.0
1 Feb 1990,0.0
17 Feb 1990,0.0
18 Feb 1990,0.0
19 Feb 1990,0.0
20 Feb 1990,0.0
21 Feb 1990,0.0
22 Feb 1990,0.0
23 Feb 1990,0.0
24 Feb 1990,0.0
3 Mar 1990,0.0
4 Mar 1990,0.0
5 Mar 1990,0.0
6 Mar 1990,0.0
7 Mar 1990,0.0
8 Mar 1990,0.0
9 Mar 1990,0.0
10 Mar 1990,0.0
11 Mar 1990,0.0
12 Mar 1990,0.0
13 Mar 1990,0.0
14 Mar 1990,0.0
15 Mar 1990,0.0
16 Mar 1990,0.0
17 Mar 1990,0.0
18 Mar 1990,0.0
19 Mar 1990,0.0
20 Mar 1990,0.0
21 Mar 1990,0.0
22 Mar 1990,0.0
23 Mar 1990,0.0
24 Mar 1990,0.0
25 Mar 1990,0.0
26 Mar 1990,0.0
27 Mar 1990,3.598764
28 Mar 1990,0.0
29 Mar 1990,6.32314
30 Mar 1990,0.0
31 Mar 1990,0.0
1 Apr 1990,0.0
2 Apr 1990,0.0
4 Apr 1990,0.0
5 Apr 1990,0.0
6 Apr 1990,0.0
7 Apr 1990,0.0
8 Apr 1990,0.0
9 Apr 1990,0.0
10 Apr 1990,0.0
11 Apr 1990,0.0
12 Apr 1990,0.0
13 Apr 1990,0.0
14 Apr 1990,0.0
15 Apr 1990,0.0
16 Apr 1990,0.0
17 Apr 1990,0.0
18 Apr 1990,0.0
19 Apr 1990,0.0
20 Apr 1990,0.0
21 Apr 1990,0.0
22 Apr 1990,0.0
23 Apr 1990,0.0
24 Apr 1990,0.0
25 Apr 1990,0.0
26 Apr 1990,0.0
27 Apr 1990,13.44325
28 Apr 1990,0.0
29 Apr 1990,0.0
30 Apr 1990,3.027734
1 May 1990,0.0
2 May 1990,0.0
3 May 1990,0.0
4 May 1990,0.0
5 May 1990,0.0
6 May 1990,0.0
7 May 1990,0.0
8 May 1990,0.0
9 May 1990,0.0
10 May 1990,0.0
11 May 1990,0.0
12 May 1990,0.0
13 May 1990,0.0
14 May 1990,0.0
15 May 1990,0.0
16 May 1990,0.0
17 May 1990,0.0
18 May 1990,0.0
19 May 1990,0.0
20 May 1990,0.0
21 May 1990,0.0
22 May 1990,0.0
23 May 1990,0.0
24 May 1990,0.0
25 May 1990,0.0
26 May 1990,0.0
27 May 1990,0.0
28 May 1990,0.0
29 May 1990,0.0
30 May 1990,0.0
31 May 1990,0.0
1 Jun 1990,0.0
2 Jun 1990,0.0
3 Jun 1990,0.0
4 Jun 1990,0.0
5 Jun 1990,0.0
6 Jun 1990,0.0
7 Jun 1990,0.0
8 Jun 1990,0.0
9 Jun 1990,0.0
10 Jun 1990,0.0
11 Jun 1990,0.0
12 Jun 1990,0.0
13 Jun 1990,0.0
14 Jun 1990,0.0
15 Jun 1990,0.0
16 Jun 1990,0.0
17 Jun 1990,0.0
18 Jun 1990,0.0
19 Jun 1990,0.0
20 Jun 1990,0.0
21 Jun 1990,0.0
22 Jun 1990,0.0
23 Jun 1990,0.0
24 Jun 1990,0.0
25 Jun 1990,0.0
26 Jun 1990,0.0
27 Jun 1990,0.0
28 Jun 1990,0.0
29 Jun 1990,11.19352
30 Jun 1990,0.0
1 Jul 1990,0.0
2 Jul 1990,0.0
3 Jul 1990,0.0
4 Jul 1990,0.0
5 Jul 1990,0.0
6 Jul 1990,0.0
7 Jul 1990,0.0
8 Jul 1990,0.0
9 Jul 1990,0.0
10 Jul 1990,0.0
11 Jul 1990,9.842593
12 Jul 1990,12.40593
13 Jul 1990,0.0
14 Jul 1990,2.631816
15 Jul 1990,0.0
16 Jul 1990,6.235528
17 Jul 1990,0.0
18 Jul 1990,0.0
19 Jul 1990,0.0
20 Jul 1990,2.751921
21 Jul 1990,17.84837
22 Jul 1990,0.0
23 Jul 1990,57.42667
24 Jul 1990,3.728975
25 Jul 1990,0.0
26 Jul 1990,0.0
27 Jul 1990,19.25134
28 Jul 1990,0.0
29 Jul 1990,0.0
30 Jul 1990,22.99214
31 Jul 1990,0.0
1 Aug 1990,0.0
2 Aug 1990,26.41556
3 Aug 1990,0.0
4 Aug 1990,0.0
5 Aug 1990,0.0
6 Aug 1990,0.0
7 Aug 1990,0.0
9 Aug 1990,18.6752
10 Aug 1990,7.324939
11 Aug 1990,0.0
12 Aug 1990,0.0
13 Aug 1990,0.0
14 Aug 1990,11.9595
15 Aug 1990,0.0
16 Aug 1990,7.330244
17 Aug 1990,0.0
18 Aug 1990,0.0
19 Aug 1990,0.0
20 Aug 1990,0.0
21 Aug 1990,6.559416
22 Aug 1990,0.0
23 Aug 1990,0.0
24 Aug 1990,0.0
25 Aug 1990,0.0
26 Aug 1990,0.0
27 Aug 1990,0.0
28 Aug 1990,0.0
29 Aug 1990,0.0
30 Aug 1990,0.0
31 Aug 1990,0.0
1 Sep 1990,0.0
2 Sep 1990,13.33368
3 Sep 1990,0.0
4 Sep 1990,8.496257
5 Sep 1990,3.601889
6 Sep 1990,95.54445
7 Sep 1990,0.0
8 Sep 1990,0.0
9 Sep 1990,0.0
10 Sep 1990,9.094874
11 Sep 1990,0.0
12 Sep 1990,2.826087
13 Sep 1990,0.0
14 Sep 1990,0.0
15 Sep 1990,0.9592694
16 Sep 1990,0.0
17 Sep 1990,6.331371
18 Sep 1990,0.0
19 Sep 1990,0.0
20 Sep 1990,0.0
21 Sep 1990,0.0
22 Sep 1990,0.0
23 Sep 1990,0.0
24 Sep 1990,13.59178
25 Sep 1990,0.0
26 Sep 1990,0.0
27 Sep 1990,9.940062
28 Sep 1990,0.0
29 Sep 1990,0.0
30 Sep 1990,0.0
1 Oct 1990,0.0
2 Oct 1990,0.0
3 Oct 1990,0.0
4 Oct 1990,0.0
5 Oct 1990,0.0
6 Oct 1990,0.0
7 Oct 1990,0.0
8 Oct 1990,0.0
9 Oct 1990,0.0
10 Oct 1990,0.0
11 Oct 1990,0.0
12 Oct 1990,0.0
13 Oct 1990,0.0
14 Oct 1990,0.0
15 Oct 1990,0.0
16 Oct 1990,0.0
17 Oct 1990,0.0
18 Oct 1990,0.0
19 Oct 1990,0.0
20 Oct 1990,0.0
21 Oct 1990,0.0
22 Oct 1990,0.0
23 Oct 1990,0.0
24 Oct 1990,0.0
25 Oct 1990,0.0
26 Oct 1990,0.0
27 Oct 1990,0.0
28 Oct 1990,0.0
29 Oct 1990,0.0
30 Oct 1990,0.0
2 Nov 1990,0.0
3 Nov 1990,0.0
4 Nov 1990,0.0
6 Nov 1990,0.0
7 Nov 1990,0.0
8 Nov 1990,0.0
9 Nov 1990,0.0
10 Nov 1990,0.0
11 Nov 1990,0.0
12 Nov 1990,0.0
13 Nov 1990,0.0
14 Nov 1990,0.0
15 Nov 1990,0.0
16 Nov 1990,0.0
17 Nov 1990,0.0
18 Nov 1990,0.0
19 Nov 1990,0.0
20 Nov 1990,0.0
21 Nov 1990,0.0
22 Nov 1990,0.0
23 Nov 1990,0.0
24 Nov 1990,0.0
25 Nov 1990,0.0
26 Nov 1990,0.0
27 Nov 1990,0.0
28 Nov 1990,0.0
29 Nov 1990,0.0
30 Nov 1990,0.0
1 Dec 1990,0.0
2 Dec 1990,0.0
3 Dec 1990,0.0
4 Dec 1990,0.0
5 Dec 1990,0.0
6 Dec 1990,0.0
7 Dec 1990,0.0
8 Dec 1990,0.0
9 Dec 1990,0.0
10 Dec 1990,0.0
14 Dec 1990,0.0
15 Dec 1990,0.0
16 Dec 1990,0.0
17 Dec 1990,0.0
18 Dec 1990,0.0
19 Dec 1990,0.0
20 Dec 1990,0.0
21 Dec 1990,0.0
22 Dec 1990,0.0
23 Dec 1990,0.0
24 Dec 1990,0.0
25 Dec 1990,0.0
26 Dec 1990,0.0
27 Dec 1990,0.0
28 Dec 1990,0.0
29 Dec 1990,0.0
30 Dec 1990,0.0
31 Dec 1990,0.0
1 Jan 1991,0.0
2 Jan 1991,0.0
3 Jan 1991,0.0
4 Jan 1991,0.0
5 Jan 1991,0.0
6 Jan 1991,0.0
7 Jan 1991,0.0
8 Jan 1991,0.0
9 Jan 1991,0.0
10 Jan 1991,0.0
11 Jan 1991,0.0
12 Jan 1991,0.0
13 Jan 1991,0.0
14 Jan 1991,0.0
15 Jan 1991,0.0
16 Jan 1991,0.0
17 Jan 1991,0.0
18 Jan 1991,0.0
19 Jan 1991,0.0
20 Jan 1991,0.0
21 Jan 1991,0.0
26 Jan 1991,0.0
27 Jan 1991,0.0
28 Jan 1991,0.0
29 Jan 1991,0.0
30 Jan 1991,0.0
1 Feb 1991,0.0
2 Feb 1991,0.0
3 Feb 1991,0.0
4 Feb 1991,0.0
5 Feb 1991,0.0
6 Feb 1991,0.0
7 Feb 1991,0.0
8 Feb 1991,0.0
9 Feb 1991,0.0
10 Feb 1991,0.0
11 Feb 1991,0.0
12 Feb 1991,0.0
13 Feb 1991,0.0
15 Feb 1991,0.0
16 Feb 1991,0.0
17 Feb 1991,0.0
18 Feb 1991,0.0
19 Feb 1991,0.0
20 Feb 1991,0.0
21 Feb 1991,0.0
22 Feb 1991,0.0
23 Feb 1991,0.0
24 Feb 1991,0.0
25 Feb 1991,0.0
26 Feb 1991,0.0
27 Feb 1991,0.0
28 Feb 1991,0.0
1 Mar 1991,0.0
2 Mar 1991,0.0
3 Mar 1991,0.0
4 Mar 1991,0.0
5 Mar 1991,0.0
6 Mar 1991,0.0
7 Mar 1991,0.0
8 Mar 1991,0.0
9 Mar 1991,0.0
10 Mar 1991,0.0
11 Mar 1991,0.0
12 Mar 1991,0.0
13 Mar 1991,0.0
14 Mar 1991,0.0
15 Mar 1991,0.0
16 Mar 1991,0.0
17 Mar 1991,0.0
18 Mar 1991,0.0
19 Mar 1991,0.0
20 Mar 1991,0.0
21 Mar 1991,0.0
22 Mar 1991,0.0
23 Mar 1991,0.0
24 Mar 1991,0.0
25 Mar 1991,0.0
26 Mar 1991,0.0
27 Mar 1991,0.0
28 Mar 1991,0.0
29 Mar 1991,0.0
30 Mar 1991,0.0
31 Mar 1991,0.0
1 Apr 1991,0.0
2 Apr 1991,0.0
3 Apr 1991,0.0
4 Apr 1991,0.0
5 Apr 1991,0.0
6 Apr 1991,6.875736
7 Apr 1991,0.0
8 Apr 1991,3.807395
9 Apr 1991,0.0
10 Apr 1991,4.789658
11 Apr 1991,0.0
12 Apr 1991,0.0
13 Apr 1991,0.0
14 Apr 1991,0.0
15 Apr 1991,0.0
16 Apr 1991,0.0
17 Apr 1991,0.0
18 Apr 1991,0.0
19 Apr 1991,0.0
20 Apr 1991,0.0
21 Apr 1991,0.0
22 Apr 1991,0.0
23 Apr 1991,0.0
24 Apr 1991,0.0
25 Apr 1991,0.0
26 Apr 1991,0.0
27 Apr 1991,0.0
28 Apr 1991,0.0
29 Apr 1991,0.0
30 Apr 1991,0.0
1 May 1991,0.0
2 May 1991,0.0
3 May 1991,0.0
4 May 1991,0.0
5 May 1991,5.079485
6 May 1991,4.430662
7 May 1991,8.640063
8 May 1991,1.722404
9 May 1991,0.0
10 May 1991,0.0
11 May 1991,0.0
12 May 1991,0.0
13 May 1991,0.0
14 May 1991,0.0
15 May 1991,0.0
16 May 1991,0.0
17 May 1991,0.0
18 May 1991,0.0
19 May 1991,0.0
20 May 1991,0.0
21 May 1991,0.0
22 May 1991,0.0
23 May 1991,6.778328
24 May 1991,0.0
25 May 1991,0.0
26 May 1991,0.0
27 May 1991,0.0
28 May 1991,0.0
29 May 1991,0.0
30 May 1991,0.0
31 May 1991,0.0
1 Jun 1991,0.0
2 Jun 1991,0.0
3 Jun 1991,0.0
4 Jun 1991,0.0
5 Jun 1991,0.0
6 Jun 1991,0.0
7 Jun 1991,0.0
8 Jun 1991,0.0
9 Jun 1991,0.0
10 Jun 1991,0.0
11 Jun 1991,0.0
12 Jun 1991,0.0
13 Jun 1991,0.0
14 Jun 1991,0.0
15 Jun 1991,0.0
16 Jun 1991,0.0
17 Jun 1991,0.0
18 Jun 1991,0.0
19 Jun 1991,0.0
20 Jun 1991,8.536831
21 Jun 1991,0.0
22 Jun 1991,0.0
23 Jun 1991,0.0
24 Jun 1991,0.0
25 Jun 1991,0.0
26 Jun 1991,0.0
27 Jun 1991,0.0
28 Jun 1991,0.0
29 Jun 1991,0.0
30 Jun 1991,0.0
1 Jul 1991,0.0
2 Jul 1991,0.0
3 Jul 1991,2.070284
4 Jul 1991,0.0
5 Jul 1991,0.0
6 Jul 1991,0.0
7 Jul 1991,4.516788
8 Jul 1991,0.0
9 Jul 1991,4.04848
10 Jul 1991,3.054088
11 Jul 1991,0.0
12 Jul 1991,18.77494
13 Jul 1991,0.0
14 Jul 1991,1.165346
15 Jul 1991,0.0
16 Jul 1991,7.136405
17 Jul 1991,0.0
18 Jul 1991,0.0
19 Jul 1991,0.0
20 Jul 1991,24.43755
21 Jul 1991,0.0
22 Jul 1991,0.0
23 Jul 1991,0.0
24 Jul 1991,0.0
25 Jul 1991,0.4546211
26 Jul 1991,3.104128
27 Jul 1991,0.0
28 Jul 1991,0.0
29 Jul 1991,18.10779
30 Jul 1991,0.0
31 Jul 1991,17.59307
1 Aug 1991,25.77054
2 Aug 1991,0.0
3 Aug 1991,5.147688
4 Aug 1991,0.0
5 Aug 1991,0.0
6 Aug 1991,21.94779
7 Aug 1991,0.0
8 Aug 1991,0.0
9 Aug 1991,10.34442
10 Aug 1991,0.0
11 Aug 1991,2.888195
12 Aug 1991,0.0
13 Aug 1991,18.39773
14 Aug 1991,39.49971
15 Aug 1991,0.0
16 Aug 1991,0.0
17 Aug 1991,0.0
18 Aug 1991,11.01613
19 Aug 1991,0.0
20 Aug 1991,3.529028
21 Aug 1991,33.10481
22 Aug 1991,48.69169
23 Aug 1991,6.012524
24 Aug 1991,0.0
25 Aug 1991,0.0
26 Aug 1991,0.0
27 Aug 1991,0.0
28 Aug 1991,0.0
29 Aug 1991,0.0
30 Aug 1991,8.861923
1 Sep 1991,0.0
2 Sep 1991,0.0
3 Sep 1991,5.162568
4 Sep 1991,4.033219
5 Sep 1991,3.949612
6 Sep 1991,0.0
7 Sep 1991,0.0
8 Sep 1991,0.0
9 Sep 1991,0.0
10 Sep 1991,0.0
11 Sep 1991,0.0
12 Sep 1991,0.0
13 Sep 1991,0.0
14 Sep 1991,0.0
15 Sep 1991,0.0
16 Sep 1991,0.0
17 Sep 1991,0.0
18 Sep 1991,0.0
19 Sep 1991,0.0
20 Sep 1991,0.0
21 Sep 1991,0.0
22 Sep 1991,5.663501
23 Sep 1991,0.0
24 Sep 1991,4.391976
25 Sep 1991,0.0
26 Sep 1991,0.0
27 Sep 1991,0.0
28 Sep 1991,0.0
29 Sep 1991,0.0
30 Sep 1991,0.0
1 Oct 1991,0.0
2 Oct 1991,8.405359
3 Oct 1991,1.200631
4 Oct 1991,21.40922
5 Oct 1991,4.377063
6 Oct 1991,9.867687
7 Oct 1991,0.0
8 Oct 1991,0.0
9 Oct 1991,0.0
10 Oct 1991,0.0
11 Oct 1991,0.0
12 Oct 1991,0.0
13 Oct 1991,0.0
14 Oct 1991,0.0
15 Oct 1991,0.0
16 Oct 1991,0.0
17 Oct 1991,0.0
18 Oct 1991,0.0
19 Oct 1991,0.0
20 Oct 1991,0.0
21 Oct 1991,0.0
22 Oct 1991,0.0
23 Oct 1991,0.0
24 Oct 1991,0.0
25 Oct 1991,0.0
26 Oct 1991,0.0
27 Oct 1991,0.0
28 Oct 1991,0.0
29 Oct 1991,0.0
30 Oct 1991,0.0
31 Oct 1991,0.0
1 Nov 1991,0.0
2 Nov 1991,0.0
3 Nov 1991,0.0
4 Nov 1991,0.0
5 Nov 1991,0.0
6 Nov 1991,0.0
7 Nov 1991,0.0
8 Nov 1991,0.0
9 Nov 1991,0.0
10 Nov 1991,0.0
11 Nov 1991,0.0
12 Nov 1991,0.0
14 Nov 1991,0.0
15 Nov 1991,0.0
16 Nov 1991,0.0
17 Nov 1991,0.0
18 Nov 1991,0.0
20 Nov 1991,0.0
21 Nov 1991,0.0
22 Nov 1991,0.0
23 Nov 1991,0.0
24 Nov 1991,0.0
25 Nov 1991,0.0
26 Nov 1991,0.0
27 Nov 1991,0.0
28 Nov 1991,0.0
29 Nov 1991,0.0
30 Nov 1991,0.0
1 Dec 1991,0.0
2 Dec 1991,0.0
3 Dec 1991,0.0
4 Dec 1991,0.0
5 Dec 1991,0.0
6 Dec 1991,0.0
7 Dec 1991,0.0
8 Dec 1991,0.0
9 Dec 1991,0.0
10 Dec 1991,0.0
11 Dec 1991,0.0
12 Dec 1991,0.0
13 Dec 1991,0.0
14 Dec 1991,0.0
15 Dec 1991,0.0
16 Dec 1991,0.0
17 Dec 1991,0.0
18 Dec 1991,0.0
19 Dec 1991,0.0
20 Dec 1991,0.0
21 Dec 1991,0.0
22 Dec 1991,0.0
23 Dec 1991,0.0
24 Dec 1991,0.0
25 Dec 1991,0.0
26 Dec 1991,0.0
27 Dec 1991,0.0
28 Dec 1991,0.0
29 Dec 1991,0.0
30 Dec 1991,0.0
31 Dec 1991,0.0
1 Jan 1992,0.0
2 Jan 1992,0.0
3 Jan 1992,0.0
4 Jan 1992,0.0
5 Jan 1992,0.0
6 Jan 1992,0.0
7 Jan 1992,0.0
8 Jan 1992,0.0
9 Jan 1992,0.0
10 Jan 1992,0.0
11 Jan 1992,0.0
12 Jan 1992,0.0
13 Jan 1992,0.0
14 Jan 1992,0.0
15 Jan 1992,0.0
16 Jan 1992,0.0
17 Jan 1992,0.0
18 Jan 1992,0.0
19 Jan 1992,0.0
20 Jan 1992,2.463788
21 Jan 1992,0.0
22 Jan 1992,0.0
23 Jan 1992,0.0
24 Jan 1992,0.0
25 Jan 1992,0.0
27 Jan 1992,0.0
28 Jan 1992,0.0
29 Jan 1992,0.4787158
30 Jan 1992,0.0
31 Jan 1992,0.0
1 Feb 1992,0.0
2 Feb 1992,0.7920903
3 Feb 1992,0.0
4 Feb 1992,0.0
5 Feb 1992,0.0
6 Feb 1992,0.0
7 Feb 1992,0.0
8 Feb 1992,0.0
9 Feb 1992,0.0
10 Feb 1992,0.0
11 Feb 1992,0.0
12 Feb 1992,0.0
13 Feb 1992,0.0
14 Feb 1992,0.0
15 Feb 1992,0.0
16 Feb 1992,0.0
17 Feb 1992,0.0
18 Feb 1992,0.0
19 Feb 1992,0.0
20 Feb 1992,0.0
21 Feb 1992,0.0
22 Feb 1992,0.0
23 Feb 1992,0.0
24 Feb 1992,0.0
25 Feb 1992,0.0
26 Feb 1992,0.0
27 Feb 1992,0.0
28 Feb 1992,0.0
29 Feb 1992,0.0
1 Mar 1992,0.0
2 Mar 1992,0.0
3 Mar 1992,0.0
4 Mar 1992,0.0
5 Mar 1992,0.0
6 Mar 1992,0.0
7 Mar 1992,0.0
8 Mar 1992,0.0
9 Mar 1992,0.0
10 Mar 1992,0.0
11 Mar 1992,0.0
12 Mar 1992,0.0
13 Mar 1992,0.0
14 Mar 1992,0.0
15 Mar 1992,0.0
16 Mar 1992,0.0
17 Mar 1992,0.0
18 Mar 1992,0.0
19 Mar 1992,0.0
20 Mar 1992,0.0
21 Mar 1992,0.0
22 Mar 1992,0.0
23 Mar 1992,0.0
24 Mar 1992,0.0
25 Mar 1992,0.0
26 Mar 1992,0.0
27 Mar 1992,0.0
28 Mar 1992,0.0
29 Mar 1992,0.0
30 Mar 1992,0.0
31 Mar 1992,0.2435799
1 Apr 1992,0.0
2 Apr 1992,0.0
3 Apr 1992,0.0
4 Apr 1992,0.0
5 Apr 1992,0.0
6 Apr 1992,0.0
7 Apr 1992,0.0
8 Apr 1992,0.0
9 Apr 1992,0.0
10 Apr 1992,0.0
11 Apr 1992,0.0
12 Apr 1992,0.0
13 Apr 1992,0.0
14 Apr 1992,0.0
15 Apr 1992,0.0
16 Apr 1992,0.0
17 Apr 1992,0.0
18 Apr 1992,3.581086
19 Apr 1992,0.0
20 Apr 1992,0.0
21 Apr 1992,0.0
22 Apr 1992,0.2581417
23 Apr 1992,0.0
24 Apr 1992,0.0
25 Apr 1992,0.0
26 Apr 1992,0.3522283
27 Apr 1992,0.0
28 Apr 1992,0.0
29 Apr 1992,0.0
30 Apr 1992,0.0
1 May 1992,0.0
2 May 1992,0.0
3 May 1992,2.639198
4 May 1992,22.92732
5 May 1992,0.0
6 May 1992,4.19438
7 May 1992,2.579534
8 May 1992,0.0
9 May 1992,0.0
10 May 1992,0.0
11 May 1992,0.0
12 May 1992,0.0
13 May 1992,0.0
14 May 1992,0.0
15 May 1992,0.0
16 May 1992,0.0
17 May 1992,0.0
18 May 1992,0.0
19 May 1992,0.0
20 May 1992,0.0
21 May 1992,0.0
22 May 1992,0.0
23 May 1992,0.0
24 May 1992,0.0
25 May 1992,0.0
26 May 1992,0.0
27 May 1992,0.0
28 May 1992,0.0
29 May 1992,0.0
30 May 1992,0.0
31 May 1992,0.0
1 Jun 1992,0.0
2 Jun 1992,0.0
3 Jun 1992,0.0
4 Jun 1992,0.0
5 Jun 1992,0.0
6 Jun 1992,0.0
7 Jun 1992,0.0
8 Jun 1992,0.0
9 Jun 1992,0.0
10 Jun 1992,0.0
11 Jun 1992,0.0
12 Jun 1992,0.0
13 Jun 1992,0.0
14 Jun 1992,0.0
15 Jun 1992,0.0
16 Jun 1992,0.0
17 Jun 1992,0.0
18 Jun 1992,0.0
19 Jun 1992,0.0
20 Jun 1992,0.0
21 Jun 1992,0.0
22 Jun 1992,0.0
23 Jun 1992,0.0
24 Jun 1992,0.0
25 Jun 1992,0.0
26 Jun 1992,0.0
27 Jun 1992,0.0
28 Jun 1992,0.0
29 Jun 1992,0.0
30 Jun 1992,0.0
1 Jul 1992,0.0
2 Jul 1992,0.0
3 Jul 1992,0.0
4 Jul 1992,0.0
5 Jul 1992,0.0
6 Jul 1992,0.0
7 Jul 1992,0.0
8 Jul 1992,0.0
9 Jul 1992,0.0
10 Jul 1992,5.073564
11 Jul 1992,0.0
12 Jul 1992,0.0
13 Jul 1992,3.6631
14 Jul 1992,0.0
15 Jul 1992,0.0
16 Jul 1992,0.0
17 Jul 1992,13.78954
18 Jul 1992,0.0
19 Jul 1992,4.847842
20 Jul 1992,13.92423
21 Jul 1992,28.14799
22 Jul 1992,0.0
23 Jul 1992,0.0
24 Jul 1992,0.0
25 Jul 1992,6.547353
26 Jul 1992,0.0
27 Jul 1992,0.0
28 Jul 1992,0.0
29 Jul 1992,0.0
30 Jul 1992,0.0
31 Jul 1992,20.57143
1 Aug 1992,0.0
2 Aug 1992,0.0
3 Aug 1992,0.0
4 Aug 1992,10.01357
5 Aug 1992,11.56073
6 Aug 1992,58.81425
7 Aug 1992,4.689712
8 Aug 1992,0.8159261
9 Aug 1992,1.277485
10 Aug 1992,0.0
11 Aug 1992,3.311502
12 Aug 1992,11.22766
13 Aug 1992,7.432827
14 Aug 1992,5.795695
15 Aug 1992,2.653884
16 Aug 1992,0.0
17 Aug 1992,2.491987
18 Aug 1992,6.160952
19 Aug 1992,3.9933
20 Aug 1992,0.0
21 Aug 1992,24.04956
22 Aug 1992,3.792521
23 Aug 1992,0.0
24 Aug 1992,0.0
25 Aug 1992,0.0
26 Aug 1992,0.0
27 Aug 1992,0.0
28 Aug 1992,0.0
29 Aug 1992,23.93117
30 Aug 1992,0.0
31 Aug 1992,36.67622
1 Sep 1992,0.0
2 Sep 1992,0.0
3 Sep 1992,0.0
4 Sep 1992,0.0
5 Sep 1992,0.0
6 Sep 1992,0.0
7 Sep 1992,0.0
8 Sep 1992,0.0
9 Sep 1992,0.0
10 Sep 1992,0.0
11 Sep 1992,0.0
12 Sep 1992,0.0
13 Sep 1992,0.0
14 Sep 1992,0.0
15 Sep 1992,0.0
17 Sep 1992,4.896426
18 Sep 1992,0.0
19 Sep 1992,3.806051
20 Sep 1992,0.0
21 Sep 1992,0.0
22 Sep 1992,0.0
24 Sep 1992,0.0
25 Sep 1992,0.0
26 Sep 1992,0.0
27 Sep 1992,0.0
28 Sep 1992,0.0
29 Sep 1992,0.0
30 Sep 1992,0.0
1 Oct 1992,0.0
2 Oct 1992,0.0
3 Oct 1992,0.0
4 Oct 1992,0.0
5 Oct 1992,0.0
6 Oct 1992,0.0
7 Oct 1992,0.0
8 Oct 1992,0.0
9 Oct 1992,0.0
10 Oct 1992,0.0
11 Oct 1992,2.397251
12 Oct 1992,0.0
13 Oct 1992,0.0
14 Oct 1992,0.0
15 Oct 1992,0.0
16 Oct 1992,0.0
17 Oct 1992,0.0
18 Oct 1992,0.0
19 Oct 1992,0.0
20 Oct 1992,0.0
21 Oct 1992,0.0
22 Oct 1992,0.0
23 Oct 1992,0.0
24 Oct 1992,0.0
25 Oct 1992,0.0
26 Oct 1992,0.0
27 Oct 1992,0.0
28 Oct 1992,0.0
29 Oct 1992,0.0
30 Oct 1992,0.0
31 Oct 1992,0.0
1 Nov 1992,0.0
2 Nov 1992,3.306834
3 Nov 1992,0.0
4 Nov 1992,0.0
5 Nov 1992,0.0
6 Nov 1992,0.0
7 Nov 1992,0.0
8 Nov 1992,0.0
9 Nov 1992,0.0
10 Nov 1992,0.0
11 Nov 1992,0.0
12 Nov 1992,0.0
13 Nov 1992,0.0
14 Nov 1992,0.0
15 Nov 1992,0.0
16 Nov 1992,0.0
17 Nov 1992,0.0
18 Nov 1992,0.0
19 Nov 1992,0.0
20 Nov 1992,0.0
21 Nov 1992,0.0
22 Nov 1992,0.0
23 Nov 1992,0.0
24 Nov 1992,0.0
25 Nov 1992,0.0
26 Nov 1992,0.0
27 Nov 1992,0.0
28 Nov 1992,0.0
29 Nov 1992,0.0
30 Nov 1992,0.0
1 Dec 1992,0.0
2 Dec 1992,0.0
3 Dec 1992,0.0
4 Dec 1992,0.0
5 Dec 1992,0.0
6 Dec 1992,0.0
7 Dec 1992,0.0
8 Dec 1992,0.0
9 Dec 1992,0.0
10 Dec 1992,0.0
11 Dec 1992,0.0
12 Dec 1992,0.0
13 Dec 1992,0.0
14 Dec 1992,0.0
15 Dec 1992,0.0
16 Dec 1992,0.0
17 Dec 1992,0.0
18 Dec 1992,0.0
19 Dec 1992,0.0
20 Dec 1992,0.0
21 Dec 1992,0.0
22 Dec 1992,0.0
23 Dec 1992,0.0
24 Dec 1992,0.0
25 Dec 1992,0.0
26 Dec 1992,0.0
27 Dec 1992,0.0
28 Dec 1992,0.0
29 Dec 1992,0.0
30 Dec 1992,0.0
1 Jan 1993,0.0
2 Jan 1993,0.0
3 Jan 1993,0.0
4 Jan 1993,0.0
5 Jan 1993,0.0
6 Jan 1993,0.0
7 Jan 1993,0.0
8 Jan 1993,0.0
9 Jan 1993,0.0
10 Jan 1993,0.0
11 Jan 1993,0.0
12 Jan 1993,0.0
13 Jan 1993,0.0
14 Jan 1993,0.0
15 Jan 1993,0.0
16 Jan 1993,0.0
17 Jan 1993,0.0
18 Jan 1993,0.0
19 Jan 1993,0.0
20 Jan 1993,0.0
22 Jan 1993,0.0
23 Jan 1993,0.0
24 Jan 1993,0.0
25 Jan 1993,0.0
26 Jan 1993,0.0
27 Jan 1993,0.0
29 Jan 1993,0.0
31 Jan 1993,0.0
1 Feb 1993,0.0
2 Feb 1993,0.0
3 Feb 1993,0.0
4 Feb 1993,0.0
5 Feb 1993,0.0
6 Feb 1993,0.0
7 Feb 1993,0.0
8 Feb 1993,0.0
9 Feb 1993,0.0
10 Feb 1993,0.0
11 Feb 1993,0.0
12 Feb 1993,0.0
13 Feb 1993,0.0
14 Feb 1993,0.0
16 Feb 1993,0.0
19 Feb 1993,0.0
20 Feb 1993,0.0
21 Feb 1993,0.0
22 Feb 1993,0.0
23 Feb 1993,0.0
24 Feb 1993,0.0
25 Feb 1993,0.0
26 Feb 1993,0.0
27 Feb 1993,0.0
28 Feb 1993,0.0
1 Mar 1993,0.0
2 Mar 1993,0.0
3 Mar 1993,0.0
4 Mar 1993,0.0
5 Mar 1993,0.0
6 Mar 1993,0.0
7 Mar 1993,0.0
8 Mar 1993,0.0
9 Mar 1993,0.0
10 Mar 1993,0.0
11 Mar 1993,0.0
12 Mar 1993,0.0
13 Mar 1993,0.0
14 Mar 1993,0.0
15 Mar 1993,0.0
16 Mar 1993,0.0
17 Mar 1993,0.0
18 Mar 1993,0.0
19 Mar 1993,0.0
20 Mar 1993,0.0
21 Mar 1993,0.0
22 Mar 1993,0.0
23 Mar 1993,0.0
24 Mar 1993,0.0
25 Mar 1993,0.0
26 Mar 1993,0.0
28 Mar 1993,0.0
29 Mar 1993,0.0
30 Mar 1993,0.0
31 Mar 1993,0.0
1 Apr 1993,0.0
2 Apr 1993,0.0
3 Apr 1993,0.0
4 Apr 1993,0.0
5 Apr 1993,0.0
6 Apr 1993,0.0
7 Apr 1993,0.0
8 Apr 1993,0.0
9 Apr 1993,3.849052
10 Apr 1993,0.0
11 Apr 1993,21.1805
12 Apr 1993,0.0
13 Apr 1993,0.0
14 Apr 1993,0.0
15 Apr 1993,0.0
17 Apr 1993,0.0
18 Apr 1993,4.629578
19 Apr 1993,0.0
20 Apr 1993,0.0
21 Apr 1993,0.0
22 Apr 1993,3.460552
23 Apr 1993,7.467789
24 Apr 1993,0.0
25 Apr 1993,2.992
26 Apr 1993,21.11452
27 Apr 1993,1.358568
28 Apr 1993,7.250485
29 Apr 1993,0.0
30 Apr 1993,0.0
1 May 1993,0.0
2 May 1993,0.0
3 May 1993,0.0
4 May 1993,0.0
5 May 1993,0.0
6 May 1993,0.0
7 May 1993,4.781242
8 May 1993,0.0
9 May 1993,0.0
10 May 1993,0.0
11 May 1993,0.0
12 May 1993,0.0
13 May 1993,1.18437
14 May 1993,5.817682
15 May 1993,8.629562
16 May 1993,0.0
17 May 1993,0.0
18 May 1993,0.0
19 May 1993,3.520973
20 May 1993,3.291902
21 May 1993,0.0
22 May 1993,0.0
23 May 1993,0.0
24 May 1993,0.0
25 May 1993,0.0
26 May 1993,0.0
27 May 1993,0.0
28 May 1993,0.0
29 May 1993,0.0
30 May 1993,0.0
31 May 1993,0.0
1 Jun 1993,0.0
3 Jun 1993,7.588667
4 Jun 1993,0.0
5 Jun 1993,8.344361
6 Jun 1993,61.88354
7 Jun 1993,6.681496
8 Jun 1993,0.0
9 Jun 1993,6.954058
10 Jun 1993,5.069543
11 Jun 1993,0.0
12 Jun 1993,0.0
14 Jun 1993,0.0
15 Jun 1993,0.0
16 Jun 1993,0.0
17 Jun 1993,0.0
18 Jun 1993,0.0
19 Jun 1993,0.0
20 Jun 1993,0.0
21 Jun 1993,0.0
22 Jun 1993,0.0
23 Jun 1993,0.0
24 Jun 1993,0.0
25 Jun 1993,0.0
26 Jun 1993,0.0
27 Jun 1993,0.3749481
28 Jun 1993,0.0
29 Jun 1993,0.0
30 Jun 1993,0.0
1 Jul 1993,9.073369
2 Jul 1993,0.0
3 Jul 1993,1.263349
4 Jul 1993,0.0
5 Jul 1993,28.59808
6 Jul 1993,0.0
7 Jul 1993,0.0
8 Jul 1993,0.0
9 Jul 1993,13.68595
10 Jul 1993,0.0
11 Jul 1993,0.0
12 Jul 1993,4.628821
13 Jul 1993,20.30314
14 Jul 1993,0.0
15 Jul 1993,0.0
16 Jul 1993,1.495447
17 Jul 1993,8.717645
18 Jul 1993,15.86873
19 Jul 1993,0.0
20 Jul 1993,0.0
21 Jul 1993,6.682543
22 Jul 1993,2.435382
23 Jul 1993,0.0
24 Jul 1993,9.779919
25 Jul 1993,7.187374
26 Jul 1993,0.0
27 Jul 1993,0.0
28 Jul 1993,0.0
29 Jul 1993,0.0
30 Jul 1993,29.22743
31 Jul 1993,31.58785
1 Aug 1993,0.4332508
2 Aug 1993,0.0
3 Aug 1993,0.0
4 Aug 1993,15.37424
5 Aug 1993,0.0
6 Aug 1993,0.0
7 Aug 1993,0.0
8 Aug 1993,0.0
9 Aug 1993,9.725118
10 Aug 1993,0.0
11 Aug 1993,0.0
12 Aug 1993,0.0
13 Aug 1993,1.733833
16 Aug 1993,3.559477
17 Aug 1993,0.0
18 Aug 1993,0.3490405
20 Aug 1993,0.0
21 Aug 1993,0.0
22 Aug 1993,0.0
23 Aug 1993,4.551969
24 Aug 1993,0.0
25 Aug 1993,8.778994
26 Aug 1993,25.46387
27 Aug 1993,12.48574
28 Aug 1993,0.0
29 Aug 1993,4.862858
30 Aug 1993,0.0
31 Aug 1993,0.0
1 Sep 1993,0.0
2 Sep 1993,0.0
3 Sep 1993,5.603288
4 Sep 1993,7.132339
5 Sep 1993,0.0
6 Sep 1993,0.0
8 Sep 1993,0.0
9 Sep 1993,0.0
10 Sep 1993,6.403982
11 Sep 1993,0.0
12 Sep 1993,0.0
13 Sep 1993,0.0
14 Sep 1993,0.0
15 Sep 1993,0.0
16 Sep 1993,2.863287
17 Sep 1993,0.0
18 Sep 1993,0.0
19 Sep 1993,6.358835
20 Sep 1993,0.0
21 Sep 1993,0.0
22 Sep 1993,0.0
23 Sep 1993,0.0
24 Sep 1993,0.0
25 Sep 1993,0.0
26 Sep 1993,0.0
27 Sep 1993,0.0
28 Sep 1993,0.0
29 Sep 1993,0.0
30 Sep 1993,4.093351
1 Oct 1993,1.66911
2 Oct 1993,0.0
3 Oct 1993,0.0
4 Oct 1993,0.0
5 Oct 1993,0.0
6 Oct 1993,0.0
7 Oct 1993,0.0
8 Oct 1993,0.0
9 Oct 1993,0.0
10 Oct 1993,0.0
11 Oct 1993,0.0
12 Oct 1993,0.0
13 Oct 1993,0.0
14 Oct 1993,0.0
15 Oct 1993,0.0
17 Oct 1993,0.0
18 Oct 1993,0.0
19 Oct 1993,0.0
20 Oct 1993,0.0
21 Oct 1993,0.0
22 Oct 1993,0.0
23 Oct 1993,0.0
24 Oct 1993,0.0
25 Oct 1993,0.0
26 Oct 1993,0.0
27 Oct 1993,0.0
28 Oct 1993,4.109881
29 Oct 1993,6.770056
30 Oct 1993,0.0
31 Oct 1993,0.0
1 Nov 1993,0.0
2 Nov 1993,0.0
3 Nov 1993,0.0
4 Nov 1993,0.0
5 Nov 1993,0.0
6 Nov 1993,0.0
7 Nov 1993,0.0
8 Nov 1993,0.0
9 Nov 1993,0.0
10 Nov 1993,0.0
11 Nov 1993,0.0
12 Nov 1993,0.0
13 Nov 1993,0.0
14 Nov 1993,0.0
15 Nov 1993,0.0
16 Nov 1993,0.0
18 Nov 1993,0.0
19 Nov 1993,0.0
20 Nov 1993,0.0
21 Nov 1993,0.0
22 Nov 1993,0.0
23 Nov 1993,0.0
24 Nov 1993,0.0
25 Nov 1993,0.0
26 Nov 1993,0.0
27 Nov 1993,0.0
28 Nov 1993,0.0
29 Nov 1993,0.0
30 Nov 1993,0.0
1 Dec 1993,0.0
2 Dec 1993,0.0
3 Dec 1993,0.0
4 Dec 1993,0.0
5 Dec 1993,0.0
6 Dec 1993,0.0
7 Dec 1993,0.0
8 Dec 1993,0.0
9 Dec 1993,0.0
10 Dec 1993,0.0
11 Dec 1993,0.0
12 Dec 1993,0.0
13 Dec 1993,0.0
14 Dec 1993,0.0
15 Dec 1993,0.0
16 Dec 1993,0.0
17 Dec 1993,0.0
19 Dec 1993,0.0
20 Dec 1993,0.0
21 Dec 1993,0.0
22 Dec 1993,0.0
23 Dec 1993,0.0
24 Dec 1993,0.0
25 Dec 1993,0.0
26 Dec 1993,0.0
27 Dec 1993,0.0
28 Dec 1993,0.0
29 Dec 1993,0.0
30 Dec 1993,0.0
31 Dec 1993,0.0
1 Jan 1994,0.0
2 Jan 1994,0.0
3 Jan 1994,0.0
5 Jan 1994,0.0
6 Jan 1994,0.0
7 Jan 1994,0.0
8 Jan 1994,0.0
9 Jan 1994,0.0
10 Jan 1994,0.0
11 Jan 1994,0.0
12 Jan 1994,0.0
13 Jan 1994,0.0
14 Jan 1994,0.0
15 Jan 1994,0.0
16 Jan 1994,0.0
17 Jan 1994,0.0
18 Jan 1994,0.0
19 Jan 1994,0.0
20 Jan 1994,0.0
21 Jan 1994,0.0
22 Jan 1994,0.0
23 Jan 1994,0.0
24 Jan 1994,0.0
25 Jan 1994,0.0
26 Jan 1994,0.0
27 Jan 1994,0.0
28 Jan 1994,0.0
29 Jan 1994,0.0
30 Jan 1994,0.0
31 Jan 1994,0.0
1 Feb 1994,0.0
2 Feb 1994,0.0
3 Feb 1994,0.0
4 Feb 1994,0.0
5 Feb 1994,0.0
7 Feb 1994,0.0
8 Feb 1994,0.0
9 Feb 1994,0.0
10 Feb 1994,0.0
11 Feb 1994,0.0
12 Feb 1994,0.0
13 Feb 1994,0.0
14 Feb 1994,0.0
15 Feb 1994,0.0
16 Feb 1994,0.0
17 Feb 1994,0.0
18 Feb 1994,0.0
19 Feb 1994,0.0
20 Feb 1994,0.0
21 Feb 1994,0.0
22 Feb 1994,0.0
23 Feb 1994,1.15125
24 Feb 1994,1.424948
25 Feb 1994,1.972839
26 Feb 1994,0.0
27 Feb 1994,0.0
28 Feb 1994,0.0
1 Mar 1994,0.0
2 Mar 1994,0.0
3 Mar 1994,0.0
4 Mar 1994,0.3585206
5 Mar 1994,0.0
6 Mar 1994,0.0
7 Mar 1994,0.0
8 Mar 1994,0.0
10 Mar 1994,1.46539
11 Mar 1994,0.0
12 Mar 1994,0.0
13 Mar 1994,0.0
14 Mar 1994,0.0
15 Mar 1994,0.0
16 Mar 1994,0.0
17 Mar 1994,0.0
18 Mar 1994,0.0
19 Mar 1994,0.0
20 Mar 1994,0.0
21 Mar 1994,0.0
22 Mar 1994,0.0
23 Mar 1994,0.0
24 Mar 1994,0.0
25 Mar 1994,0.0
26 Mar 1994,0.0
27 Mar 1994,0.0
28 Mar 1994,0.0
29 Mar 1994,0.0
30 Mar 1994,2.128398
31 Mar 1994,0.0
2 Apr 1994,0.0
3 Apr 1994,0.0
4 Apr 1994,0.0
5 Apr 1994,0.0
6 Apr 1994,0.0
7 Apr 1994,0.0
8 Apr 1994,0.0
9 Apr 1994,0.0
10 Apr 1994,0.0
11 Apr 1994,0.0
12 Apr 1994,0.0
13 Apr 1994,0.0
14 Apr 1994,0.0
15 Apr 1994,0.0
16 Apr 1994,4.481333
17 Apr 1994,1.739051
18 Apr 1994,0.7807875
19 Apr 1994,0.3268015
20 Apr 1994,0.0
21 Apr 1994,0.0
22 Apr 1994,0.0
23 Apr 1994,0.0
24 Apr 1994,0.0
25 Apr 1994,2.892903
26 Apr 1994,2.803506
27 Apr 1994,14.58953
28 Apr 1994,0.0
29 Apr 1994,0.0
30 Apr 1994,0.0
1 May 1994,3.390607
2 May 1994,2.422563
3 May 1994,0.0
4 May 1994,0.0
5 May 1994,0.0
6 May 1994,2.489641
7 May 1994,0.0
8 May 1994,0.0
9 May 1994,0.0
10 May 1994,0.0
11 May 1994,0.0
12 May 1994,0.0
13 May 1994,0.2456853
14 May 1994,0.0
15 May 1994,0.0
16 May 1994,0.0
17 May 1994,3.555755
18 May 1994,2.149313
19 May 1994,0.0
20 May 1994,0.0
21 May 1994,0.0
22 May 1994,0.0
23 May 1994,0.0
24 May 1994,0.0
25 May 1994,0.0
26 May 1994,0.0
27 May 1994,0.0
28 May 1994,0.0
29 May 1994,0.0
30 May 1994,0.0
31 May 1994,0.0
1 Jun 1994,0.0
2 Jun 1994,0.0
3 Jun 1994,0.0
4 Jun 1994,0.0
5 Jun 1994,0.0
6 Jun 1994,33.98591
7 Jun 1994,3.20507
8 Jun 1994,0.0
9 Jun 1994,0.0
10 Jun 1994,0.2314318
11 Jun 1994,2.82257
12 Jun 1994,0.0
13 Jun 1994,0.0
14 Jun 1994,0.891739
15 Jun 1994,0.0
16 Jun 1994,0.0
17 Jun 1994,0.9047511
18 Jun 1994,0.7736592
19 Jun 1994,0.0
20 Jun 1994,0.0
21 Jun 1994,0.0
22 Jun 1994,0.0
23 Jun 1994,0.0
24 Jun 1994,0.0
25 Jun 1994,0.0
26 Jun 1994,0.0
27 Jun 1994,0.0
28 Jun 1994,0.0
29 Jun 1994,0.0
30 Jun 1994,0.0
1 Jul 1994,0.0
2 Jul 1994,1.04585
3 Jul 1994,0.0
4 Jul 1994,0.0
5 Jul 1994,9.370227
6 Jul 1994,0.0
7 Jul 1994,16.76948
8 Jul 1994,3.891772
9 Jul 1994,6.385555
10 Jul 1994,20.96235
12 Jul 1994,0.0
13 Jul 1994,0.0
14 Jul 1994,0.0
15 Jul 1994,0.0
16 Jul 1994,8.576742
17 Jul 1994,0.0
18 Jul 1994,15.76249
19 Jul 1994,5.298081
20 Jul 1994,0.0
21 Jul 1994,3.44476
22 Jul 1994,22.62865
23 Jul 1994,0.0
24 Jul 1994,11.09007
25 Jul 1994,11.607
26 Jul 1994,0.0
27 Jul 1994,5.757554
28 Jul 1994,13.08232
29 Jul 1994,1.961747
30 Jul 1994,7.791545
31 Jul 1994,0.0
1 Aug 1994,0.0
2 Aug 1994,0.0
3 Aug 1994,0.0
4 Aug 1994,0.0
5 Aug 1994,1.261595
6 Aug 1994,0.0
7 Aug 1994,3.293134
8 Aug 1994,0.0
9 Aug 1994,4.693254
10 Aug 1994,0.0
11 Aug 1994,7.328721
12 Aug 1994,54.46342
13 Aug 1994,0.0
14 Aug 1994,0.0
15 Aug 1994,7.569446
17 Aug 1994,2.756528
18 Aug 1994,69.68593
19 Aug 1994,24.62808
20 Aug 1994,7.794344
21 Aug 1994,0.0
22 Aug 1994,0.0
23 Aug 1994,0.0
24 Aug 1994,0.0
25 Aug 1994,6.459809
26 Aug 1994,1.987755
27 Aug 1994,29.59721
28 Aug 1994,17.20107
29 Aug 1994,2.820894
30 Aug 1994,8.992146
31 Aug 1994,0.0
1 Sep 1994,0.0
2 Sep 1994,0.0
3 Sep 1994,0.0
4 Sep 1994,0.0
5 Sep 1994,0.0
6 Sep 1994,0.0
7 Sep 1994,13.47605
8 Sep 1994,1.031524
9 Sep 1994,0.0
10 Sep 1994,0.0
11 Sep 1994,0.0
12 Sep 1994,0.0
13 Sep 1994,0.0
14 Sep 1994,0.0
15 Sep 1994,0.0
16 Sep 1994,0.0
17 Sep 1994,0.0
18 Sep 1994,0.0
19 Sep 1994,3.861192
20 Sep 1994,1.890083
21 Sep 1994,4.160138
22 Sep 1994,1.172683
23 Sep 1994,10.18964
24 Sep 1994,1.199013
25 Sep 1994,0.0
26 Sep 1994,0.0
27 Sep 1994,0.0
29 Sep 1994,0.0
30 Sep 1994,0.0
1 Oct 1994,0.0
2 Oct 1994,0.0
3 Oct 1994,0.0
4 Oct 1994,0.0
5 Oct 1994,0.0
6 Oct 1994,0.0
7 Oct 1994,0.0
8 Oct 1994,0.0
9 Oct 1994,0.0
10 Oct 1994,0.0
11 Oct 1994,0.0
12 Oct 1994,0.0
13 Oct 1994,0.0
14 Oct 1994,0.0
15 Oct 1994,0.0
16 Oct 1994,0.0
17 Oct 1994,0.0
18 Oct 1994,0.0
19 Oct 1994,0.0
20 Oct 1994,0.0
21 Oct 1994,0.0
22 Oct 1994,0.0
23 Oct 1994,0.0
24 Oct 1994,0.0
25 Oct 1994,0.0
26 Oct 1994,0.0
27 Oct 1994,0.0
28 Oct 1994,0.0
29 Oct 1994,0.0
30 Oct 1994,0.0
31 Oct 1994,0.0
1 Nov 1994,0.0
2 Nov 1994,0.0
3 Nov 1994,0.0
4 Nov 1994,0.0
5 Nov 1994,0.0
6 Nov 1994,0.0
7 Nov 1994,0.0
8 Nov 1994,0.0
9 Nov 1994,0.0
10 Nov 1994,0.0
11 Nov 1994,0.0
12 Nov 1994,0.0
13 Nov 1994,0.0
14 Nov 1994,0.0
15 Nov 1994,0.0
16 Nov 1994,0.0
17 Nov 1994,0.0
18 Nov 1994,0.0
19 Nov 1994,0.0
20 Nov 1994,0.0
21 Nov 1994,0.0
22 Nov 1994,0.0
24 Nov 1994,0.0
25 Nov 1994,0.0
26 Nov 1994,0.0
27 Nov 1994,0.0
28 Nov 1994,0.0
29 Nov 1994,0.0
30 Nov 1994,0.0
2 Dec 1994,0.0
3 Dec 1994,0.0
4 Dec 1994,0.0
5 Dec 1994,0.0
6 Dec 1994,0.0
7 Dec 1994,0.0
8 Dec 1994,0.0
9 Dec 1994,0.0
10 Dec 1994,0.0
11 Dec 1994,0.0
12 Dec 1994,0.0
13 Dec 1994,0.0
14 Dec 1994,0.0
15 Dec 1994,0.0
16 Dec 1994,0.0
17 Dec 1994,0.0
18 Dec 1994,0.0
19 Dec 1994,0.0
20 Dec 1994,0.0
21 Dec 1994,0.0
22 Dec 1994,0.0
23 Dec 1994,0.0
24 Dec 1994,0.0
25 Dec 1994,0.0
26 Dec 1994,0.0
27 Dec 1994,0.0
28 Dec 1994,0.0
29 Dec 1994,0.0
30 Dec 1994,0.0
31 Dec 1994,0.0
1 Jan 1995,0.0
2 Jan 1995,0.0
3 Jan 1995,0.0
4 Jan 1995,0.0
5 Jan 1995,0.0
6 Jan 1995,0.0
7 Jan 1995,0.0
8 Jan 1995,0.0
9 Jan 1995,0.0
10 Jan 1995,0.0
11 Jan 1995,0.0
12 Jan 1995,0.0
13 Jan 1995,0.0
14 Jan 1995,0.0
15 Jan 1995,0.0
16 Jan 1995,0.0
17 Jan 1995,0.0
18 Jan 1995,0.0
19 Jan 1995,0.0
20 Jan 1995,0.0
21 Jan 1995,0.0
22 Jan 1995,0.0
23 Jan 1995,0.0
24 Jan 1995,0.0
25 Jan 1995,0.0
27 Jan 1995,0.0
28 Jan 1995,0.0
29 Jan 1995,0.0
30 Jan 1995,0.0
31 Jan 1995,0.0
1 Feb 1995,0.0
2 Feb 1995,0.0
3 Feb 1995,0.0
4 Feb 1995,0.0
5 Feb 1995,0.0
6 Feb 1995,0.0
7 Feb 1995,0.0
8 Feb 1995,0.0
9 Feb 1995,0.0
10 Feb 1995,0.0
11 Feb 1995,0.0
12 Feb 1995,0.0
13 Feb 1995,0.0
14 Feb 1995,0.0
15 Feb 1995,0.0
16 Feb 1995,0.0
17 Feb 1995,0.0
18 Feb 1995,0.0
19 Feb 1995,0.0
20 Feb 1995,0.0
21 Feb 1995,0.6401047
22 Feb 1995,0.0
23 Feb 1995,3.387241
24 Feb 1995,0.0
25 Feb 1995,0.0
26 Feb 1995,0.0
27 Feb 1995,0.0
28 Feb 1995,0.0
1 Mar 1995,0.0
2 Mar 1995,0.0
3 Mar 1995,0.0
4 Mar 1995,0.0
5 Mar 1995,0.0
6 Mar 1995,0.0
7 Mar 1995,0.0
8 Mar 1995,0.0
9 Mar 1995,0.0
10 Mar 1995,0.0
11 Mar 1995,0.0
12 Mar 1995,0.0
13 Mar 1995,0.0
14 Mar 1995,0.0
15 Mar 1995,0.0
16 Mar 1995,0.0
17 Mar 1995,0.0
18 Mar 1995,0.0
19 Mar 1995,0.0
20 Mar 1995,0.0
21 Mar 1995,0.0
22 Mar 1995,0.0
23 Mar 1995,0.0
24 Mar 1995,0.0
25 Mar 1995,0.0
26 Mar 1995,0.0
27 Mar 1995,0.0
28 Mar 1995,0.0
29 Mar 1995,0.0
30 Mar 1995,0.0
31 Mar 1995,0.0
1 Apr 1995,0.0
2 Apr 1995,0.0
3 Apr 1995,0.0
4 Apr 1995,0.0
5 Apr 1995,1.064676
7 Apr 1995,0.0
8 Apr 1995,0.0
9 Apr 1995,0.0
10 Apr 1995,0.0
11 Apr 1995,0.0
12 Apr 1995,0.0
13 Apr 1995,3.31302
14 Apr 1995,0.0
15 Apr 1995,4.376844
16 Apr 1995,3.189529
17 Apr 1995,2.804251
18 Apr 1995,0.0
19 Apr 1995,0.0
20 Apr 1995,0.0
21 Apr 1995,5.928354
22 Apr 1995,0.0
23 Apr 1995,0.0
24 Apr 1995,0.0
25 Apr 1995,4.108112
26 Apr 1995,0.0
27 Apr 1995,0.0
28 Apr 1995,1.575381
29 Apr 1995,0.0
30 Apr 1995,0.0
1 May 1995,0.0
2 May 1995,0.0
3 May 1995,0.0
4 May 1995,0.0
5 May 1995,3.00829
6 May 1995,11.33376
7 May 1995,0.0
8 May 1995,0.0
9 May 1995,0.0
10 May 1995,4.929012
11 May 1995,0.0
12 May 1995,0.0
13 May 1995,11.90646
14 May 1995,0.0
15 May 1995,0.0
16 May 1995,0.0
17 May 1995,0.0
18 May 1995,0.0
19 May 1995,0.0
20 May 1995,1.272856
21 May 1995,0.0
22 May 1995,0.0
23 May 1995,0.0
24 May 1995,0.0
25 May 1995,0.0
26 May 1995,0.0
27 May 1995,0.0
28 May 1995,12.84907
29 May 1995,0.0
30 May 1995,0.0
31 May 1995,0.0
1 Jun 1995,0.0
2 Jun 1995,0.0
3 Jun 1995,0.0
4 Jun 1995,0.0
5 Jun 1995,0.0
6 Jun 1995,0.0
7 Jun 1995,0.0
8 Jun 1995,0.0
9 Jun 1995,0.0
10 Jun 1995,0.0
11 Jun 1995,0.0
12 Jun 1995,0.0
13 Jun 1995,0.0
14 Jun 1995,0.0
15 Jun 1995,0.0
16 Jun 1995,0.0
17 Jun 1995,0.0
18 Jun 1995,0.0
19 Jun 1995,0.0
20 Jun 1995,0.0
21 Jun 1995,0.0
22 Jun 1995,0.0
23 Jun 1995,0.0
24 Jun 1995,0.0
25 Jun 1995,0.0
26 Jun 1995,0.0
27 Jun 1995,0.0
28 Jun 1995,0.0
29 Jun 1995,0.0
30 Jun 1995,0.0
4 Jul 1995,1.815077
5 Jul 1995,0.0
6 Jul 1995,14.43479
7 Jul 1995,3.919961
8 Jul 1995,6.94605
9 Jul 1995,0.0
10 Jul 1995,0.0
11 Jul 1995,22.04439
12 Jul 1995,0.0
13 Jul 1995,15.63094
14 Jul 1995,18.71404
15 Jul 1995,0.0
16 Jul 1995,7.017222
17 Jul 1995,31.03171
18 Jul 1995,0.0
19 Jul 1995,0.0
20 Jul 1995,0.0
21 Jul 1995,32.37143
22 Jul 1995,14.06252
23 Jul 1995,11.42545
24 Jul 1995,0.0
25 Jul 1995,3.974608
26 Jul 1995,7.335735
27 Jul 1995,0.0
28 Jul 1995,0.0
29 Jul 1995,10.05266
30 Jul 1995,25.86155
31 Jul 1995,17.66599
1 Aug 1995,6.382473
2 Aug 1995,0.0
3 Aug 1995,0.0
4 Aug 1995,0.0
5 Aug 1995,6.919589
6 Aug 1995,2.548272
7 Aug 1995,31.42599
8 Aug 1995,6.814204
9 Aug 1995,5.740078
10 Aug 1995,0.0
11 Aug 1995,0.0
12 Aug 1995,0.0
13 Aug 1995,0.0
14 Aug 1995,0.0
15 Aug 1995,2.382735
16 Aug 1995,7.199708
17 Aug 1995,12.07166
18 Aug 1995,0.0
19 Aug 1995,23.69346
20 Aug 1995,6.263124
21 Aug 1995,0.7989004
22 Aug 1995,3.511528
23 Aug 1995,4.886817
24 Aug 1995,0.0
25 Aug 1995,0.0
26 Aug 1995,0.0
27 Aug 1995,2.140375
28 Aug 1995,0.0
29 Aug 1995,3.307564
30 Aug 1995,0.0
31 Aug 1995,2.309687
1 Sep 1995,0.0
2 Sep 1995,0.0
3 Sep 1995,0.0
4 Sep 1995,20.42866
5 Sep 1995,10.01456
6 Sep 1995,0.0
7 Sep 1995,0.0
8 Sep 1995,0.0
9 Sep 1995,0.0
10 Sep 1995,0.0
11 Sep 1995,2.964099
13 Sep 1995,0.0
14 Sep 1995,0.0
15 Sep 1995,0.0
16 Sep 1995,0.0
17 Sep 1995,0.0
18 Sep 1995,0.0
19 Sep 1995,0.0
20 Sep 1995,0.0
21 Sep 1995,0.0
22 Sep 1995,0.0
23 Sep 1995,0.0
24 Sep 1995,0.0
25 Sep 1995,0.0
26 Sep 1995,0.0
27 Sep 1995,0.0
28 Sep 1995,0.0
29 Sep 1995,0.0
30 Sep 1995,0.0
1 Oct 1995,0.0
2 Oct 1995,0.0
3 Oct 1995,0.0
4 Oct 1995,0.0
5 Oct 1995,0.0
6 Oct 1995,0.0
7 Oct 1995,0.0
8 Oct 1995,0.0
9 Oct 1995,0.0
10 Oct 1995,0.0
11 Oct 1995,0.0
13 Oct 1995,0.0
14 Oct 1995,0.0
15 Oct 1995,0.0
16 Oct 1995,0.0
17 Oct 1995,0.0
18 Oct 1995,0.0
19 Oct 1995,0.0
20 Oct 1995,0.0
21 Oct 1995,0.0
22 Oct 1995,0.0
23 Oct 1995,0.0
24 Oct 1995,0.0
25 Oct 1995,0.0
26 Oct 1995,0.0
27 Oct 1995,0.0
28 Oct 1995,0.0
29 Oct 1995,0.0
30 Oct 1995,0.0
31 Oct 1995,0.0
1 Nov 1995,0.0
2 Nov 1995,0.0
3 Nov 1995,0.0
4 Nov 1995,0.0
5 Nov 1995,0.0
6 Nov 1995,0.0
7 Nov 1995,0.0
8 Nov 1995,0.0
9 Nov 1995,0.0
10 Nov 1995,0.0
11 Nov 1995,0.0
12 Nov 1995,0.0
13 Nov 1995,0.0
14 Nov 1995,0.0
15 Nov 1995,0.0
16 Nov 1995,0.0
17 Nov 1995,0.0
18 Nov 1995,0.0
19 Nov 1995,0.0
20 Nov 1995,0.0
21 Nov 1995,0.0
22 Nov 1995,0.0
23 Nov 1995,0.0
24 Nov 1995,0.0
25 Nov 1995,0.0
26 Nov 1995,0.0
27 Nov 1995,0.0
28 Nov 1995,0.0
29 Nov 1995,0.0
30 Nov 1995,0.0
1 Dec 1995,0.0
2 Dec 1995,0.0
3 Dec 1995,0.0
4 Dec 1995,0.0
5 Dec 1995,0.0
6 Dec 1995,0.0
7 Dec 1995,0.0
8 Dec 1995,0.0
9 Dec 1995,0.0
10 Dec 1995,0.0
11 Dec 1995,0.0
12 Dec 1995,0.0
13 Dec 1995,0.4331928
14 Dec 1995,0.0
15 Dec 1995,0.0
16 Dec 1995,6.594235
17 Dec 1995,0.0
18 Dec 1995,0.0
19 Dec 1995,0.3485595
20 Dec 1995,0.0
21 Dec 1995,0.0
22 Dec 1995,0.0
23 Dec 1995,0.0
24 Dec 1995,0.0
25 Dec 1995,0.0
26 Dec 1995,0.0
27 Dec 1995,0.0
28 Dec 1995,0.0
29 Dec 1995,0.0
30 Dec 1995,0.0
31 Dec 1995,0.0
1 Jan 1996,0.0
2 Jan 1996,0.0
3 Jan 1996,0.0
4 Jan 1996,0.0
5 Jan 1996,0.0
6 Jan 1996,0.0
7 Jan 1996,0.0
8 Jan 1996,0.0
9 Jan 1996,0.0
10 Jan 1996,0.0
11 Jan 1996,0.809903
12 Jan 1996,0.0
13 Jan 1996,0.0
14 Jan 1996,0.0
15 Jan 1996,0.0
16 Jan 1996,0.0
17 Jan 1996,0.0
18 Jan 1996,0.0
19 Jan 1996,0.0
20 Jan 1996,0.0
21 Jan 1996,0.0
22 Jan 1996,0.0
23 Jan 1996,0.0
24 Jan 1996,0.0
25 Jan 1996,0.0
26 Jan 1996,0.0
27 Jan 1996,0.0
28 Jan 1996,0.0
29 Jan 1996,0.0
30 Jan 1996,0.0
31 Jan 1996,0.0
1 Feb 1996,0.0
2 Feb 1996,0.0
3 Feb 1996,0.0
4 Feb 1996,0.0
5 Feb 1996,0.0
6 Feb 1996,0.2443772
7 Feb 1996,0.0
8 Feb 1996,0.0
9 Feb 1996,0.0
10 Feb 1996,0.0
11 Feb 1996,0.0
12 Feb 1996,0.0
13 Feb 1996,0.0
14 Feb 1996,0.0
15 Feb 1996,0.0
16 Feb 1996,0.0
17 Feb 1996,0.0
18 Feb 1996,0.0
19 Feb 1996,0.0
20 Feb 1996,0.0
21 Feb 1996,0.0
22 Feb 1996,0.0
23 Feb 1996,0.0
24 Feb 1996,0.0
25 Feb 1996,0.0
26 Feb 1996,0.0
27 Feb 1996,0.0
28 Feb 1996,1.483027
29 Feb 1996,0.0
1 Mar 1996,0.0
2 Mar 1996,0.0
3 Mar 1996,0.0
4 Mar 1996,0.0
5 Mar 1996,3.976902
6 Mar 1996,0.0
7 Mar 1996,0.0
8 Mar 1996,0.0
9 Mar 1996,0.0
10 Mar 1996,0.0
11 Mar 1996,0.0
12 Mar 1996,0.0
13 Mar 1996,0.0
14 Mar 1996,0.0
15 Mar 1996,0.0
16 Mar 1996,0.0
17 Mar 1996,0.0
18 Mar 1996,0.0
19 Mar 1996,0.0
20 Mar 1996,0.0
21 Mar 1996,0.0
22 Mar 1996,0.0
23 Mar 1996,3.311382
24 Mar 1996,15.07025
25 Mar 1996,6.277798
26 Mar 1996,15.69537
27 Mar 1996,3.460567
28 Mar 1996,0.0
29 Mar 1996,0.0
30 Mar 1996,0.0
31 Mar 1996,0.0
1 Apr 1996,0.0
2 Apr 1996,0.0
3 Apr 1996,5.171075
4 Apr 1996,0.0
5 Apr 1996,0.0
6 Apr 1996,0.0
7 Apr 1996,0.0
8 Apr 1996,0.0
9 Apr 1996,0.0
10 Apr 1996,0.0
11 Apr 1996,0.0
12 Apr 1996,0.0
13 Apr 1996,0.0
14 Apr 1996,3.659553
15 Apr 1996,0.0
16 Apr 1996,0.0
17 Apr 1996,0.0
18 Apr 1996,0.0
19 Apr 1996,1.922512
20 Apr 1996,0.0
21 Apr 1996,0.0
22 Apr 1996,0.0
23 Apr 1996,0.0
24 Apr 1996,5.519598
25 Apr 1996,0.0
26 Apr 1996,0.0
27 Apr 1996,0.0
28 Apr 1996,3.587658
29 Apr 1996,0.0
30 Apr 1996,0.0
1 May 1996,0.0
2 May 1996,0.0
3 May 1996,0.0
4 May 1996,0.0
5 May 1996,0.0
6 May 1996,0.0
7 May 1996,0.0
8 May 1996,3.954016
9 May 1996,0.0
10 May 1996,12.72549
11 May 1996,3.741769
12 May 1996,1.739354
13 May 1996,0.0
14 May 1996,0.0
15 May 1996,0.7843348
16 May 1996,0.6079521
17 May 1996,49.24642
18 May 1996,8.072663
19 May 1996,13.97779
20 May 1996,0.0
21 May 1996,0.0
22 May 1996,0.0
23 May 1996,0.0
24 May 1996,3.059074
25 May 1996,4.891494
26 May 1996,4.396979
27 May 1996,3.959629
28 May 1996,4.681546
29 May 1996,0.0
30 May 1996,0.0
31 May 1996,0.0
1 Jun 1996,0.0
2 Jun 1996,0.0
3 Jun 1996,0.0
4 Jun 1996,0.0
5 Jun 1996,0.0
6 Jun 1996,6.616707
7 Jun 1996,5.203249
8 Jun 1996,0.0
9 Jun 1996,0.0
10 Jun 1996,0.0
11 Jun 1996,0.0
12 Jun 1996,8.115593
13 Jun 1996,4.143146
14 Jun 1996,0.3457241
15 Jun 1996,0.0
16 Jun 1996,0.0
17 Jun 1996,0.0
18 Jun 1996,0.0
19 Jun 1996,5.105038
20 Jun 1996,10.15511
21 Jun 1996,0.0
22 Jun 1996,0.0
23 Jun 1996,3.187332
24 Jun 1996,0.352423
25 Jun 1996,0.0
26 Jun 1996,3.11038
27 Jun 1996,0.0
28 Jun 1996,0.0
29 Jun 1996,0.0
30 Jun 1996,0.0
1 Jul 1996,0.0
2 Jul 1996,0.0
3 Jul 1996,0.0
4 Jul 1996,0.0
5 Jul 1996,0.0
6 Jul 1996,0.0
7 Jul 1996,14.50283
8 Jul 1996,0.0
9 Jul 1996,4.249865
10 Jul 1996,4.956294
11 Jul 1996,0.0
12 Jul 1996,15.36219
13 Jul 1996,37.09937
14 Jul 1996,0.0
15 Jul 1996,23.82578
16 Jul 1996,0.0
17 Jul 1996,4.019285
18 Jul 1996,0.0
19 Jul 1996,0.0
20 Jul 1996,0.0
21 Jul 1996,0.0
22 Jul 1996,0.0
23 Jul 1996,16.83682
24 Jul 1996,8.370022
25 Jul 1996,17.46384
26 Jul 1996,0.0
27 Jul 1996,0.0
28 Jul 1996,0.0
29 Jul 1996,0.0
30 Jul 1996,10.95369
31 Jul 1996,1.862143
1 Aug 1996,0.0
2 Aug 1996,0.0
3 Aug 1996,3.015847
4 Aug 1996,10.1627
5 Aug 1996,0.0
6 Aug 1996,4.435788
7 Aug 1996,15.62454
8 Aug 1996,0.0
9 Aug 1996,15.61544
10 Aug 1996,6.972828
11 Aug 1996,10.80806
12 Aug 1996,0.0
13 Aug 1996,0.751303
14 Aug 1996,0.0
15 Aug 1996,13.29154
16 Aug 1996,26.59988
17 Aug 1996,2.046186
18 Aug 1996,0.0
19 Aug 1996,0.0
20 Aug 1996,15.95735
21 Aug 1996,18.59344
22 Aug 1996,34.35345
23 Aug 1996,12.33281
24 Aug 1996,0.9388449
25 Aug 1996,0.0
26 Aug 1996,2.364253
27 Aug 1996,0.0
28 Aug 1996,7.362589
29 Aug 1996,0.0
30 Aug 1996,7.163624
31 Aug 1996,0.0
1 Sep 1996,0.0
2 Sep 1996,1.378276
3 Sep 1996,5.475209
4 Sep 1996,9.927501
5 Sep 1996,1.776785
6 Sep 1996,0.0
7 Sep 1996,1.8326
8 Sep 1996,0.0
9 Sep 1996,0.0
10 Sep 1996,3.257933
11 Sep 1996,0.0
12 Sep 1996,2.874312
13 Sep 1996,0.0
14 Sep 1996,0.0
15 Sep 1996,0.0
16 Sep 1996,0.0
17 Sep 1996,0.0
18 Sep 1996,3.185644
19 Sep 1996,0.0
20 Sep 1996,0.0
21 Sep 1996,0.0
22 Sep 1996,0.0
23 Sep 1996,0.0
24 Sep 1996,0.0
25 Sep 1996,0.0
26 Sep 1996,0.0
27 Sep 1996,0.0
28 Sep 1996,0.0
29 Sep 1996,0.0
30 Sep 1996,0.0
1 Oct 1996,0.0
2 Oct 1996,0.0
3 Oct 1996,0.0
4 Oct 1996,0.0
5 Oct 1996,0.0
6 Oct 1996,0.0
7 Oct 1996,0.0
8 Oct 1996,0.0
9 Oct 1996,0.0
10 Oct 1996,0.0
11 Oct 1996,0.0
12 Oct 1996,0.0
13 Oct 1996,0.0
14 Oct 1996,0.0
15 Oct 1996,0.0
16 Oct 1996,0.0
17 Oct 1996,0.0
18 Oct 1996,0.0
19 Oct 1996,0.0
20 Oct 1996,0.0
21 Oct 1996,0.0
22 Oct 1996,0.0
23 Oct 1996,0.0
24 Oct 1996,0.0
25 Oct 1996,0.0
26 Oct 1996,0.0
27 Oct 1996,0.0
28 Oct 1996,0.0
29 Oct 1996,0.0
30 Oct 1996,0.0
31 Oct 1996,0.0
1 Nov 1996,0.0
2 Nov 1996,0.0
3 Nov 1996,0.0
4 Nov 1996,0.0
5 Nov 1996,0.0
6 Nov 1996,0.0
7 Nov 1996,0.0
8 Nov 1996,0.0
9 Nov 1996,0.0
10 Nov 1996,0.0
11 Nov 1996,0.0
12 Nov 1996,0.0
13 Nov 1996,0.0
14 Nov 1996,0.0
15 Nov 1996,0.0
16 Nov 1996,3.544427
17 Nov 1996,0.0
18 Nov 1996,0.0
19 Nov 1996,2.459242
20 Nov 1996,0.0
21 Nov 1996,1.088281
22 Nov 1996,0.0
23 Nov 1996,11.70229
24 Nov 1996,0.0
25 Nov 1996,0.0
26 Nov 1996,0.4152925
27 Nov 1996,0.0
28 Nov 1996,0.0
29 Nov 1996,0.0
30 Nov 1996,0.0
1 Dec 1996,0.0
2 Dec 1996,0.0
3 Dec 1996,0.0
4 Dec 1996,0.0
5 Dec 1996,0.0
6 Dec 1996,0.0
7 Dec 1996,0.0
8 Dec 1996,0.0
9 Dec 1996,0.0
10 Dec 1996,0.0
11 Dec 1996,0.0
12 Dec 1996,0.0
13 Dec 1996,0.0
14 Dec 1996,0.0
15 Dec 1996,0.0
16 Dec 1996,0.0
17 Dec 1996,0.0
18 Dec 1996,0.0
19 Dec 1996,0.0
20 Dec 1996,0.0
21 Dec 1996,0.0
22 Dec 1996,0.0
23 Dec 1996,0.0
24 Dec 1996,0.0
25 Dec 1996,0.0
26 Dec 1996,0.0
27 Dec 1996,0.0
28 Dec 1996,0.0
29 Dec 1996,0.0
30 Dec 1996,0.0
31 Dec 1996,0.0
1 Jan 1997,0.0
2 Jan 1997,0.0
3 Jan 1997,0.0
4 Jan 1997,0.0
5 Jan 1997,0.0
6 Jan 1997,0.0
7 Jan 1997,0.0
8 Jan 1997,0.0
9 Jan 1997,0.0
10 Jan 1997,0.0
11 Jan 1997,0.0
12 Jan 1997,0.0
13 Jan 1997,0.0
14 Jan 1997,0.0
15 Jan 1997,0.0
16 Jan 1997,0.0
17 Jan 1997,0.0
18 Jan 1997,0.0
19 Jan 1997,0.0
20 Jan 1997,0.0
21 Jan 1997,0.0
22 Jan 1997,0.0
23 Jan 1997,0.0
24 Jan 1997,0.0
25 Jan 1997,0.0
26 Jan 1997,0.0
27 Jan 1997,0.0
28 Jan 1997,0.0
29 Jan 1997,0.0
30 Jan 1997,0.0
31 Jan 1997,0.0
1 Feb 1997,0.0
2 Feb 1997,0.0
3 Feb 1997,0.0
4 Feb 1997,0.0
5 Feb 1997,0.0
6 Feb 1997,0.0
7 Feb 1997,0.0
8 Feb 1997,0.0
9 Feb 1997,0.0
10 Feb 1997,0.0
11 Feb 1997,0.0
12 Feb 1997,0.0
13 Feb 1997,0.0
14 Feb 1997,0.0
15 Feb 1997,0.0
16 Feb 1997,0.0
17 Feb 1997,0.0
18 Feb 1997,0.0
19 Feb 1997,0.0
20 Feb 1997,0.0
21 Feb 1997,0.0
22 Feb 1997,0.0
23 Feb 1997,0.0
24 Feb 1997,0.0
25 Feb 1997,0.0
26 Feb 1997,0.0
27 Feb 1997,0.0
28 Feb 1997,0.0
1 Mar 1997,0.0
2 Mar 1997,0.0
3 Mar 1997,0.0
4 Mar 1997,0.0
5 Mar 1997,0.0
6 Mar 1997,0.0
7 Mar 1997,0.0
8 Mar 1997,0.0
9 Mar 1997,0.0
10 Mar 1997,0.0
11 Mar 1997,0.0
12 Mar 1997,4.773022
13 Mar 1997,3.054672
14 Mar 1997,0.0
15 Mar 1997,2.103029
16 Mar 1997,0.0
17 Mar 1997,0.0
18 Mar 1997,0.0
19 Mar 1997,0.0
20 Mar 1997,0.0
21 Mar 1997,0.0
22 Mar 1997,0.0
23 Mar 1997,0.4129314
24 Mar 1997,0.4729269
25 Mar 1997,0.0
26 Mar 1997,0.0
27 Mar 1997,0.0
28 Mar 1997,0.0
29 Mar 1997,0.0
30 Mar 1997,0.0
31 Mar 1997,0.0
1 Apr 1997,0.0
2 Apr 1997,0.0
3 Apr 1997,9.753205
4 Apr 1997,0.0
5 Apr 1997,0.0
6 Apr 1997,0.0
7 Apr 1997,9.768871
8 Apr 1997,0.0
9 Apr 1997,0.7758783
10 Apr 1997,0.0
11 Apr 1997,0.0
12 Apr 1997,0.0
13 Apr 1997,0.0
14 Apr 1997,0.0
15 Apr 1997,0.0
16 Apr 1997,0.0
17 Apr 1997,0.0
18 Apr 1997,0.0
19 Apr 1997,0.0
20 Apr 1997,0.0
21 Apr 1997,0.0
22 Apr 1997,0.0
23 Apr 1997,1.850819
24 Apr 1997,0.0
25 Apr 1997,0.3459412
26 Apr 1997,1.584202
27 Apr 1997,25.92733
28 Apr 1997,0.0
29 Apr 1997,0.0
30 Apr 1997,0.0
1 May 1997,0.0
2 May 1997,0.0
3 May 1997,0.0
4 May 1997,0.0
6 May 1997,2.758008
7 May 1997,0.0
8 May 1997,0.0
9 May 1997,0.0
10 May 1997,0.0
11 May 1997,0.0
12 May 1997,0.0
13 May 1997,0.0
14 May 1997,0.0
15 May 1997,0.0
16 May 1997,0.0
17 May 1997,4.026542
18 May 1997,36.27549
19 May 1997,2.831367
20 May 1997,0.0
21 May 1997,0.0
22 May 1997,0.0
23 May 1997,0.0
24 May 1997,1.121095
25 May 1997,0.0
26 May 1997,0.0
27 May 1997,4.804761
28 May 1997,0.0
29 May 1997,0.0
30 May 1997,3.506116
31 May 1997,25.65657
1 Jun 1997,6.649544
2 Jun 1997,0.0
3 Jun 1997,0.0
4 Jun 1997,0.0
5 Jun 1997,3.853244
6 Jun 1997,3.806232
7 Jun 1997,2.522709
8 Jun 1997,0.0
9 Jun 1997,0.0
10 Jun 1997,0.0
11 Jun 1997,0.0
12 Jun 1997,0.0
13 Jun 1997,0.0
14 Jun 1997,0.0
15 Jun 1997,0.0
16 Jun 1997,0.0
17 Jun 1997,0.0
18 Jun 1997,0.0
19 Jun 1997,9.198135
20 Jun 1997,1.149536
21 Jun 1997,0.0
22 Jun 1997,0.0
23 Jun 1997,0.0
24 Jun 1997,5.263846
25 Jun 1997,0.0
26 Jun 1997,5.35918
27 Jun 1997,0.0
28 Jun 1997,0.6752806
29 Jun 1997,1.720242
30 Jun 1997,0.0
1 Jul 1997,0.9628701
2 Jul 1997,1.611434
3 Jul 1997,19.56397
4 Jul 1997,10.94536
5 Jul 1997,8.818501
6 Jul 1997,5.965264
7 Jul 1997,8.193727
8 Jul 1997,19.14784
9 Jul 1997,5.091343
10 Jul 1997,0.0
11 Jul 1997,0.0
12 Jul 1997,0.0
13 Jul 1997,0.0
14 Jul 1997,0.0
15 Jul 1997,0.0
16 Jul 1997,0.0
17 Jul 1997,0.0
18 Jul 1997,0.0
19 Jul 1997,0.0
20 Jul 1997,2.064216
21 Jul 1997,0.0
22 Jul 1997,4.555
23 Jul 1997,0.0
24 Jul 1997,23.24827
25 Jul 1997,9.227974
26 Jul 1997,0.0
27 Jul 1997,0.0
28 Jul 1997,0.0
29 Jul 1997,33.45907
30 Jul 1997,0.0
31 Jul 1997,0.0
1 Aug 1997,5.321431
2 Aug 1997,0.0
3 Aug 1997,0.0
4 Aug 1997,12.89784
5 Aug 1997,19.31834
6 Aug 1997,16.29431
7 Aug 1997,4.170274
8 Aug 1997,1.655853
9 Aug 1997,3.510499
10 Aug 1997,0.0
11 Aug 1997,0.0
12 Aug 1997,0.0
13 Aug 1997,0.0
14 Aug 1997,2.376504
15 Aug 1997,0.0
16 Aug 1997,0.0
17 Aug 1997,2.849197
18 Aug 1997,37.62637
19 Aug 1997,0.0
20 Aug 1997,0.0
21 Aug 1997,3.881127
22 Aug 1997,0.0
23 Aug 1997,0.0
24 Aug 1997,0.0
25 Aug 1997,3.145747
26 Aug 1997,0.0
27 Aug 1997,11.43492
28 Aug 1997,0.8062406
29 Aug 1997,0.0
30 Aug 1997,1.91783
31 Aug 1997,0.0
1 Sep 1997,0.0
2 Sep 1997,0.0
3 Sep 1997,0.0
4 Sep 1997,0.0
5 Sep 1997,0.0
6 Sep 1997,4.479055
7 Sep 1997,0.0
8 Sep 1997,0.0
9 Sep 1997,0.0
10 Sep 1997,0.0
11 Sep 1997,4.329328
12 Sep 1997,0.0
13 Sep 1997,0.0
14 Sep 1997,0.0
15 Sep 1997,0.0
16 Sep 1997,0.0
17 Sep 1997,0.0
18 Sep 1997,0.0
19 Sep 1997,0.0
20 Sep 1997,0.0
21 Sep 1997,0.0
22 Sep 1997,0.0
23 Sep 1997,0.0
24 Sep 1997,0.0
25 Sep 1997,0.0
26 Sep 1997,0.0
27 Sep 1997,0.0
28 Sep 1997,3.556683
29 Sep 1997,1.189328
30 Sep 1997,0.0
1 Oct 1997,0.0
2 Oct 1997,0.0
3 Oct 1997,0.0
4 Oct 1997,0.0
5 Oct 1997,0.0
6 Oct 1997,0.0
7 Oct 1997,0.0
8 Oct 1997,0.0
9 Oct 1997,0.3506536
10 Oct 1997,0.0
11 Oct 1997,0.0
13 Oct 1997,0.0
14 Oct 1997,0.0
15 Oct 1997,0.0
16 Oct 1997,3.942461
17 Oct 1997,0.0
18 Oct 1997,4.614005
19 Oct 1997,11.0976
20 Oct 1997,3.300915
21 Oct 1997,3.541625
22 Oct 1997,29.0889
23 Oct 1997,7.979707
24 Oct 1997,1.008091
25 Oct 1997,1.856062
26 Oct 1997,0.0
27 Oct 1997,0.0
29 Oct 1997,0.0
30 Oct 1997,0.0
31 Oct 1997,4.614205
1 Nov 1997,0.0
2 Nov 1997,0.0
3 Nov 1997,0.0
4 Nov 1997,0.0
5 Nov 1997,0.0
6 Nov 1997,0.0
7 Nov 1997,0.0
8 Nov 1997,0.0
9 Nov 1997,0.0
10 Nov 1997,0.0
11 Nov 1997,7.732739
12 Nov 1997,0.0
13 Nov 1997,0.0
14 Nov 1997,0.0
15 Nov 1997,0.0
16 Nov 1997,0.0
17 Nov 1997,0.0
18 Nov 1997,0.0
19 Nov 1997,0.0
20 Nov 1997,0.0
21 Nov 1997,0.0
22 Nov 1997,0.0
23 Nov 1997,0.0
24 Nov 1997,0.0
25 Nov 1997,0.0
26 Nov 1997,0.0
27 Nov 1997,0.0
28 Nov 1997,0.0
29 Nov 1997,0.0
30 Nov 1997,0.0
1 Dec 1997,0.0
2 Dec 1997,0.0
3 Dec 1997,0.0
4 Dec 1997,0.0
5 Dec 1997,0.0
6 Dec 1997,0.0
7 Dec 1997,0.0
8 Dec 1997,0.0
9 Dec 1997,0.0
10 Dec 1997,0.0
11 Dec 1997,0.0
12 Dec 1997,0.0
13 Dec 1997,0.0
14 Dec 1997,0.0
15 Dec 1997,0.0
16 Dec 1997,0.0
17 Dec 1997,0.0
18 Dec 1997,0.0
19 Dec 1997,0.0
20 Dec 1997,0.0
21 Dec 1997,0.0
22 Dec 1997,0.0
23 Dec 1997,0.0
24 Dec 1997,0.0
25 Dec 1997,0.0
26 Dec 1997,0.0
27 Dec 1997,0.0
28 Dec 1997,0.0
29 Dec 1997,0.0
30 Dec 1997,0.0
1 Jan 1998,0.0
2 Jan 1998,0.0
3 Jan 1998,1.703325
5 Jan 1998,0.0
6 Jan 1998,0.0
7 Jan 1998,0.0
8 Jan 1998,0.0
9 Jan 1998,0.0
10 Jan 1998,0.0
11 Jan 1998,0.0
12 Jan 1998,0.0
13 Jan 1998,0.0
14 Jan 1998,0.0
15 Jan 1998,0.0
16 Jan 1998,0.0
17 Jan 1998,0.0
18 Jan 1998,0.0
19 Jan 1998,0.0
20 Jan 1998,4.247893
21 Jan 1998,1.188699
22 Jan 1998,0.0
23 Jan 1998,0.0
24 Jan 1998,0.0
25 Jan 1998,0.0
26 Jan 1998,0.0
27 Jan 1998,0.0
28 Jan 1998,0.0
29 Jan 1998,0.0
30 Jan 1998,0.0
31 Jan 1998,0.0
1 Feb 1998,0.0
2 Feb 1998,0.0
3 Feb 1998,0.0
4 Feb 1998,0.8053191
5 Feb 1998,0.0
6 Feb 1998,0.0
7 Feb 1998,0.0
8 Feb 1998,0.9747321
9 Feb 1998,0.0
10 Feb 1998,0.0
11 Feb 1998,0.0
12 Feb 1998,0.0
13 Feb 1998,0.0
14 Feb 1998,0.0
15 Feb 1998,0.0
16 Feb 1998,0.0
17 Feb 1998,0.0
18 Feb 1998,0.0
19 Feb 1998,0.0
20 Feb 1998,0.0
21 Feb 1998,0.0
22 Feb 1998,0.8088261
23 Feb 1998,0.0
24 Feb 1998,0.0
25 Feb 1998,0.0
26 Feb 1998,0.0
27 Feb 1998,0.0
28 Feb 1998,0.0
1 Mar 1998,0.0
2 Mar 1998,0.0
3 Mar 1998,0.0
4 Mar 1998,0.0
6 Mar 1998,0.0
7 Mar 1998,0.0
8 Mar 1998,0.0
9 Mar 1998,0.0
10 Mar 1998,0.0
11 Mar 1998,0.0
12 Mar 1998,0.0
13 Mar 1998,0.0
14 Mar 1998,0.0
15 Mar 1998,0.0
16 Mar 1998,0.0
18 Mar 1998,0.0
19 Mar 1998,0.0
20 Mar 1998,0.0
21 Mar 1998,0.0
22 Mar 1998,0.0
23 Mar 1998,0.0
24 Mar 1998,0.0
25 Mar 1998,0.0
26 Mar 1998,0.0
27 Mar 1998,0.0
28 Mar 1998,0.0
29 Mar 1998,0.0
30 Mar 1998,0.0
31 Mar 1998,0.0
1 Apr 1998,0.0
2 Apr 1998,0.0
3 Apr 1998,0.0
4 Apr 1998,0.0
5 Apr 1998,0.0
6 Apr 1998,0.0
7 Apr 1998,0.0
8 Apr 1998,0.0
9 Apr 1998,0.0
10 Apr 1998,5.465232
11 Apr 1998,0.0
12 Apr 1998,0.0
13 Apr 1998,0.0
14 Apr 1998,1.21569
15 Apr 1998,0.0
16 Apr 1998,0.0
17 Apr 1998,0.0
18 Apr 1998,0.0
19 Apr 1998,0.0
21 Apr 1998,0.0
22 Apr 1998,0.0
23 Apr 1998,0.0
24 Apr 1998,0.0
25 Apr 1998,0.0
26 Apr 1998,0.0
27 Apr 1998,0.0
28 Apr 1998,0.0
29 Apr 1998,0.0
30 Apr 1998,0.0
1 May 1998,0.0
2 May 1998,5.808714
3 May 1998,7.698314
4 May 1998,0.0
5 May 1998,5.248919
6 May 1998,0.0
7 May 1998,0.0
8 May 1998,0.0
9 May 1998,0.0
10 May 1998,0.0
11 May 1998,0.0
12 May 1998,0.0
13 May 1998,0.0
14 May 1998,1.899317
15 May 1998,0.0
16 May 1998,0.0
17 May 1998,0.0
18 May 1998,0.0
19 May 1998,0.0
20 May 1998,0.0
22 May 1998,0.0
23 May 1998,0.0
24 May 1998,0.0
25 May 1998,0.0
26 May 1998,0.0
27 May 1998,0.0
28 May 1998,0.0
29 May 1998,0.0
30 May 1998,0.0
31 May 1998,0.0
1 Jun 1998,0.0
2 Jun 1998,6.777029
3 Jun 1998,0.0
4 Jun 1998,0.0
5 Jun 1998,0.0
6 Jun 1998,0.0
7 Jun 1998,0.0
8 Jun 1998,0.0
9 Jun 1998,0.0
10 Jun 1998,0.4613593
11 Jun 1998,0.0
12 Jun 1998,0.0
13 Jun 1998,0.5004164
14 Jun 1998,0.0
15 Jun 1998,0.0
16 Jun 1998,0.0
17 Jun 1998,0.6278921
18 Jun 1998,2.486887
19 Jun 1998,0.0
20 Jun 1998,0.0
21 Jun 1998,0.0
22 Jun 1998,0.0
23 Jun 1998,0.0
24 Jun 1998,0.0
25 Jun 1998,0.6091554
26 Jun 1998,1.702931
27 Jun 1998,1.380219
28 Jun 1998,4.37291
29 Jun 1998,2.118366
30 Jun 1998,21.44435
1 Jul 1998,0.0
2 Jul 1998,1.404955
3 Jul 1998,3.167939
4 Jul 1998,0.4607216
5 Jul 1998,1.705332
6 Jul 1998,15.09307
7 Jul 1998,0.0
8 Jul 1998,60.41925
9 Jul 1998,10.74381
10 Jul 1998,8.938153
11 Jul 1998,47.08662
12 Jul 1998,7.296908
13 Jul 1998,10.42179
14 Jul 1998,0.4936686
15 Jul 1998,0.0
16 Jul 1998,1.707395
17 Jul 1998,9.843831
18 Jul 1998,9.419762
19 Jul 1998,0.0
20 Jul 1998,12.66455
21 Jul 1998,0.0
22 Jul 1998,5.427122
23 Jul 1998,7.04481
24 Jul 1998,0.0
25 Jul 1998,0.0
26 Jul 1998,16.09792
27 Jul 1998,3.097662
28 Jul 1998,4.266628
29 Jul 1998,18.75186
30 Jul 1998,33.12844
31 Jul 1998,5.342342
1 Aug 1998,0.0
2 Aug 1998,0.0
3 Aug 1998,0.0
4 Aug 1998,0.0
5 Aug 1998,0.0
6 Aug 1998,0.0
7 Aug 1998,0.0
8 Aug 1998,22.46319
9 Aug 1998,12.69186
10 Aug 1998,0.0
11 Aug 1998,0.0
12 Aug 1998,0.0
13 Aug 1998,5.543412
14 Aug 1998,21.32895
15 Aug 1998,1.746895
16 Aug 1998,0.0
17 Aug 1998,20.32316
18 Aug 1998,1.745781
19 Aug 1998,3.261294
20 Aug 1998,29.99535
21 Aug 1998,17.64326
22 Aug 1998,1.285064
23 Aug 1998,0.0
24 Aug 1998,10.50461
25 Aug 1998,0.0
26 Aug 1998,0.0
27 Aug 1998,2.189242
28 Aug 1998,4.2002
29 Aug 1998,14.24511
30 Aug 1998,0.0
31 Aug 1998,4.886006
1 Sep 1998,0.7949015
2 Sep 1998,1.942963
3 Sep 1998,10.86303
4 Sep 1998,0.0
5 Sep 1998,0.0
6 Sep 1998,2.065682
7 Sep 1998,8.776219
8 Sep 1998,0.0
9 Sep 1998,0.0
10 Sep 1998,0.0
11 Sep 1998,0.0
12 Sep 1998,0.0
13 Sep 1998,0.0
14 Sep 1998,3.156089
15 Sep 1998,9.298264
16 Sep 1998,0.0
17 Sep 1998,0.0
18 Sep 1998,6.358093
19 Sep 1998,0.0
20 Sep 1998,0.0
22 Sep 1998,4.598238
23 Sep 1998,0.0
24 Sep 1998,3.596708
25 Sep 1998,5.664388
26 Sep 1998,0.0
27 Sep 1998,0.0
28 Sep 1998,0.0
29 Sep 1998,0.0
30 Sep 1998,0.0
1 Oct 1998,0.0
2 Oct 1998,0.0
3 Oct 1998,6.843479
4 Oct 1998,0.0
6 Oct 1998,0.0
7 Oct 1998,0.0
8 Oct 1998,0.0
9 Oct 1998,0.9294091
10 Oct 1998,0.0
11 Oct 1998,0.0
12 Oct 1998,0.0
13 Oct 1998,0.3669205
14 Oct 1998,0.0
15 Oct 1998,0.0
16 Oct 1998,0.0
17 Oct 1998,0.0
18 Oct 1998,0.0
19 Oct 1998,0.0
20 Oct 1998,0.0
21 Oct 1998,0.0
22 Oct 1998,0.0
23 Oct 1998,0.0
24 Oct 1998,0.0
25 Oct 1998,0.0
26 Oct 1998,0.0
27 Oct 1998,0.0
28 Oct 1998,0.0
29 Oct 1998,0.0
30 Oct 1998,0.0
31 Oct 1998,0.0
1 Nov 1998,0.0
2 Nov 1998,0.0
3 Nov 1998,0.0
4 Nov 1998,0.0
5 Nov 1998,0.0
6 Nov 1998,0.0
7 Nov 1998,0.0
8 Nov 1998,0.0
9 Nov 1998,0.0
10 Nov 1998,0.0
11 Nov 1998,0.0
12 Nov 1998,0.0
13 Nov 1998,0.0
14 Nov 1998,0.0
15 Nov 1998,0.0
16 Nov 1998,0.0
17 Nov 1998,0.0
18 Nov 1998,0.0
19 Nov 1998,0.0
20 Nov 1998,0.0
21 Nov 1998,0.0
22 Nov 1998,0.0
23 Nov 1998,0.0
24 Nov 1998,0.0
25 Nov 1998,0.0
26 Nov 1998,0.0
27 Nov 1998,0.0
28 Nov 1998,0.0
29 Nov 1998,0.0
30 Nov 1998,0.0
1 Dec 1998,0.0
2 Dec 1998,0.0
3 Dec 1998,0.0
4 Dec 1998,0.0
5 Dec 1998,0.0
6 Dec 1998,0.0
8 Dec 1998,0.0
9 Dec 1998,0.0
10 Dec 1998,0.0
11 Dec 1998,0.0
12 Dec 1998,0.0
13 Dec 1998,0.0
14 Dec 1998,0.0
15 Dec 1998,0.0
16 Dec 1998,0.0
17 Dec 1998,0.0
18 Dec 1998,0.0
19 Dec 1998,0.0
20 Dec 1998,0.0
21 Dec 1998,0.0
22 Dec 1998,0.0
23 Dec 1998,0.0
24 Dec 1998,0.0
25 Dec 1998,0.0
26 Dec 1998,0.0
27 Dec 1998,0.0
28 Dec 1998,0.0
29 Dec 1998,0.0
30 Dec 1998,0.0
31 Dec 1998,0.0
1 Jan 1999,0.0
2 Jan 1999,0.0
3 Jan 1999,0.0
4 Jan 1999,0.0
5 Jan 1999,0.0
6 Jan 1999,0.0
7 Jan 1999,0.0
8 Jan 1999,1.645177
9 Jan 1999,7.265267
10 Jan 1999,1.729269
11 Jan 1999,0.0
12 Jan 1999,0.0
13 Jan 1999,0.0
14 Jan 1999,0.0
15 Jan 1999,0.0
16 Jan 1999,0.0
17 Jan 1999,0.0
18 Jan 1999,0.0
19 Jan 1999,0.0
20 Jan 1999,0.0
22 Jan 1999,0.0
23 Jan 1999,0.0
24 Jan 1999,0.0
25 Jan 1999,0.0
26 Jan 1999,0.0
27 Jan 1999,0.0
28 Jan 1999,0.0
29 Jan 1999,0.0
30 Jan 1999,0.0
31 Jan 1999,0.0
1 Feb 1999,0.0
2 Feb 1999,0.0
3 Feb 1999,0.0
4 Feb 1999,0.0
5 Feb 1999,0.0
6 Feb 1999,0.0
7 Feb 1999,0.0
8 Feb 1999,0.0
9 Feb 1999,0.0
10 Feb 1999,0.0
11 Feb 1999,0.0
12 Feb 1999,0.0
13 Feb 1999,0.0
14 Feb 1999,0.0
15 Feb 1999,0.0
16 Feb 1999,0.0
17 Feb 1999,0.0
18 Feb 1999,0.0
19 Feb 1999,0.0
20 Feb 1999,0.0
21 Feb 1999,0.0
22 Feb 1999,0.0
23 Feb 1999,0.0
24 Feb 1999,0.0
25 Feb 1999,0.0
26 Feb 1999,0.0
27 Feb 1999,0.0
28 Feb 1999,0.0
1 Mar 1999,0.0
2 Mar 1999,0.0
3 Mar 1999,0.0
4 Mar 1999,0.0
5 Mar 1999,0.0
6 Mar 1999,0.0
7 Mar 1999,0.0
8 Mar 1999,0.0
9 Mar 1999,0.0
10 Mar 1999,0.0
11 Mar 1999,0.0
12 Mar 1999,0.0
13 Mar 1999,0.0
14 Mar 1999,0.0
15 Mar 1999,0.0
16 Mar 1999,0.0
17 Mar 1999,0.0
18 Mar 1999,0.0
19 Mar 1999,0.0
20 Mar 1999,0.0
21 Mar 1999,0.0
22 Mar 1999,0.0
23 Mar 1999,0.0
24 Mar 1999,0.0
25 Mar 1999,0.0
26 Mar 1999,0.0
27 Mar 1999,0.0
28 Mar 1999,6.921684
29 Mar 1999,0.0
30 Mar 1999,0.0
31 Mar 1999,0.0
1 Apr 1999,0.0
2 Apr 1999,0.0
3 Apr 1999,0.0
4 Apr 1999,0.0
5 Apr 1999,0.0
6 Apr 1999,0.0
7 Apr 1999,0.0
8 Apr 1999,0.0
9 Apr 1999,0.0
10 Apr 1999,0.0
11 Apr 1999,0.0
12 Apr 1999,0.0
13 Apr 1999,3.764613
14 Apr 1999,0.0
15 Apr 1999,0.0
16 Apr 1999,0.0
17 Apr 1999,0.0
18 Apr 1999,0.0
19 Apr 1999,0.0
20 Apr 1999,0.0
21 Apr 1999,0.0
22 Apr 1999,0.0
23 Apr 1999,0.0
24 Apr 1999,0.0
25 Apr 1999,0.0
26 Apr 1999,0.0
27 Apr 1999,0.0
28 Apr 1999,0.0
29 Apr 1999,0.0
30 Apr 1999,0.0
1 May 1999,0.0
2 May 1999,0.0
3 May 1999,0.0
4 May 1999,0.0
5 May 1999,0.0
6 May 1999,0.0
7 May 1999,0.0
8 May 1999,0.0
9 May 1999,0.0
10 May 1999,0.0
11 May 1999,0.0
12 May 1999,0.0
13 May 1999,0.0
14 May 1999,0.0
15 May 1999,0.0
16 May 1999,0.0
17 May 1999,0.0
18 May 1999,0.0
19 May 1999,0.0
20 May 1999,0.0
21 May 1999,0.0
22 May 1999,0.0
23 May 1999,0.0
24 May 1999,0.0
25 May 1999,0.0
26 May 1999,0.0
27 May 1999,0.0
28 May 1999,0.0
29 May 1999,0.0
30 May 1999,0.0
31 May 1999,0.0
1 Jun 1999,0.0
2 Jun 1999,0.0
3 Jun 1999,0.0
4 Jun 1999,0.0
5 Jun 1999,0.0
6 Jun 1999,0.0
7 Jun 1999,0.0
8 Jun 1999,0.0
9 Jun 1999,0.0
10 Jun 1999,0.0
11 Jun 1999,0.0
12 Jun 1999,0.0
13 Jun 1999,0.0
14 Jun 1999,0.0
15 Jun 1999,0.0
16 Jun 1999,0.0
17 Jun 1999,0.0
18 Jun 1999,0.0
19 Jun 1999,0.0
20 Jun 1999,0.0
21 Jun 1999,0.0
22 Jun 1999,0.0
23 Jun 1999,0.0
24 Jun 1999,0.0
25 Jun 1999,0.0
26 Jun 1999,0.0
27 Jun 1999,0.7973812
28 Jun 1999,0.0
29 Jun 1999,0.0
30 Jun 1999,0.0
1 Jul 1999,0.0
2 Jul 1999,0.0
3 Jul 1999,27.16203
4 Jul 1999,0.0
5 Jul 1999,0.0
6 Jul 1999,0.0
7 Jul 1999,12.25655
8 Jul 1999,2.950941
9 Jul 1999,36.80378
10 Jul 1999,0.0
11 Jul 1999,31.87888
12 Jul 1999,21.01847
13 Jul 1999,3.630408
14 Jul 1999,0.0
15 Jul 1999,32.74667
16 Jul 1999,3.447789
17 Jul 1999,8.55037
18 Jul 1999,10.95735
19 Jul 1999,1.26773
20 Jul 1999,5.24942
21 Jul 1999,9.787551
22 Jul 1999,28.87437
23 Jul 1999,8.067032
24 Jul 1999,0.0
25 Jul 1999,0.0
26 Jul 1999,0.0
27 Jul 1999,1.603015
28 Jul 1999,0.0
29 Jul 1999,0.0
30 Jul 1999,0.0
31 Jul 1999,0.0
1 Aug 1999,0.0
2 Aug 1999,0.0
3 Aug 1999,14.31005
4 Aug 1999,51.42756
5 Aug 1999,0.0
6 Aug 1999,0.0
7 Aug 1999,0.0
8 Aug 1999,0.0
9 Aug 1999,6.466945
10 Aug 1999,0.0
11 Aug 1999,0.0
12 Aug 1999,0.0
13 Aug 1999,35.37285
14 Aug 1999,0.0
15 Aug 1999,48.20818
16 Aug 1999,0.0
17 Aug 1999,34.15772
18 Aug 1999,0.0
19 Aug 1999,20.70485
20 Aug 1999,3.626516
21 Aug 1999,0.0
22 Aug 1999,14.08472
23 Aug 1999,5.277271
24 Aug 1999,26.31373
25 Aug 1999,0.0
26 Aug 1999,3.946579
27 Aug 1999,12.8875
28 Aug 1999,12.10812
29 Aug 1999,7.856152
30 Aug 1999,52.57021
31 Aug 1999,0.0
1 Sep 1999,0.0
2 Sep 1999,11.43947
3 Sep 1999,4.938702
4 Sep 1999,0.0
5 Sep 1999,2.776798
6 Sep 1999,6.588037
7 Sep 1999,10.49272
8 Sep 1999,4.074602
9 Sep 1999,2.453633
10 Sep 1999,2.273263
12 Sep 1999,2.964124
13 Sep 1999,1.155637
14 Sep 1999,2.952986
15 Sep 1999,0.0
16 Sep 1999,0.0
17 Sep 1999,0.0
18 Sep 1999,0.0
19 Sep 1999,5.693732
20 Sep 1999,1.895951
21 Sep 1999,0.0
22 Sep 1999,0.0
23 Sep 1999,0.0
24 Sep 1999,4.075924
25 Sep 1999,1.829146
26 Sep 1999,0.0
27 Sep 1999,0.0
28 Sep 1999,0.0
29 Sep 1999,0.0
30 Sep 1999,0.0
1 Oct 1999,0.0
2 Oct 1999,2.713426
3 Oct 1999,6.875506
4 Oct 1999,0.0
5 Oct 1999,2.616003
6 Oct 1999,0.0
7 Oct 1999,2.669432
8 Oct 1999,0.0
9 Oct 1999,0.0
10 Oct 1999,2.600496
11 Oct 1999,0.0
12 Oct 1999,0.0
13 Oct 1999,0.0
14 Oct 1999,0.0
15 Oct 1999,0.0
16 Oct 1999,1.920427
17 Oct 1999,0.0
18 Oct 1999,2.569729
19 Oct 1999,2.179823
20 Oct 1999,0.0
21 Oct 1999,0.0
22 Oct 1999,0.0
23 Oct 1999,0.0
24 Oct 1999,0.0
25 Oct 1999,0.0
26 Oct 1999,0.0
27 Oct 1999,0.0
28 Oct 1999,0.0
29 Oct 1999,0.0
30 Oct 1999,0.0
31 Oct 1999,0.0
1 Nov 1999,0.0
2 Nov 1999,0.0
3 Nov 1999,0.0
4 Nov 1999,0.0
5 Nov 1999,0.0
6 Nov 1999,0.0
7 Nov 1999,0.0
8 Nov 1999,0.0
9 Nov 1999,0.0
10 Nov 1999,0.0
11 Nov 1999,0.0
12 Nov 1999,0.0
13 Nov 1999,0.0
14 Nov 1999,0.0
15 Nov 1999,0.0
16 Nov 1999,0.0
17 Nov 1999,0.0
18 Nov 1999,0.0
19 Nov 1999,0.0
20 Nov 1999,0.0
21 Nov 1999,0.0
22 Nov 1999,0.0
23 Nov 1999,0.0
24 Nov 1999,0.0
25 Nov 1999,0.0
26 Nov 1999,0.0
27 Nov 1999,0.0
28 Nov 1999,0.0
29 Nov 1999,0.0
30 Nov 1999,0.0
1 Dec 1999,0.0
2 Dec 1999,0.0
3 Dec 1999,0.0
4 Dec 1999,0.0
5 Dec 1999,0.0
6 Dec 1999,0.0
7 Dec 1999,0.4020791
8 Dec 1999,0.0
9 Dec 1999,0.0
10 Dec 1999,0.0
11 Dec 1999,0.0
12 Dec 1999,0.0
13 Dec 1999,0.0
14 Dec 1999,0.0
15 Dec 1999,0.0
16 Dec 1999,0.0
17 Dec 1999,0.0
18 Dec 1999,0.0
19 Dec 1999,0.0
20 Dec 1999,0.0
21 Dec 1999,0.0
22 Dec 1999,0.0
23 Dec 1999,0.0
24 Dec 1999,0.0
25 Dec 1999,0.0
26 Dec 1999,0.0
27 Dec 1999,0.0
28 Dec 1999,0.0
29 Dec 1999,0.0
30 Dec 1999,0.0
31 Dec 1999,0.0
1 Jan 2000,0.0
2 Jan 2000,0.0
3 Jan 2000,0.0
4 Jan 2000,0.0
5 Jan 2000,0.0
6 Jan 2000,0.0
7 Jan 2000,0.0
8 Jan 2000,0.0
9 Jan 2000,0.0
10 Jan 2000,0.0
11 Jan 2000,0.0
12 Jan 2000,0.0
13 Jan 2000,0.0
14 Jan 2000,0.0
15 Jan 2000,0.0
16 Jan 2000,0.0
17 Jan 2000,0.0
18 Jan 2000,0.0
19 Jan 2000,0.0
20 Jan 2000,0.0
21 Jan 2000,0.0
22 Jan 2000,0.0
23 Jan 2000,0.0
24 Jan 2000,0.0
25 Jan 2000,0.0
26 Jan 2000,0.0
27 Jan 2000,0.0
28 Jan 2000,0.0
29 Jan 2000,0.0
30 Jan 2000,0.0
31 Jan 2000,0.0
1 Feb 2000,0.0
2 Feb 2000,0.0
3 Feb 2000,0.0
4 Feb 2000,0.0
5 Feb 2000,0.0
6 Feb 2000,0.0
7 Feb 2000,0.0
8 Feb 2000,0.0
9 Feb 2000,0.0
10 Feb 2000,0.0
11 Feb 2000,0.0
12 Feb 2000,0.0
13 Feb 2000,0.0
14 Feb 2000,0.0
15 Feb 2000,0.0
16 Feb 2000,0.0
17 Feb 2000,0.0
18 Feb 2000,0.0
19 Feb 2000,0.0
20 Feb 2000,0.0
21 Feb 2000,0.0
22 Feb 2000,0.0
23 Feb 2000,0.0
24 Feb 2000,0.0
25 Feb 2000,0.0
26 Feb 2000,0.0
27 Feb 2000,0.0
28 Feb 2000,0.0
29 Feb 2000,0.0
1 Mar 2000,0.0
2 Mar 2000,0.0
3 Mar 2000,0.0
4 Mar 2000,0.0
5 Mar 2000,0.0
6 Mar 2000,0.0
7 Mar 2000,0.0
8 Mar 2000,0.0
9 Mar 2000,0.0
10 Mar 2000,0.0
11 Mar 2000,0.0
12 Mar 2000,0.0
13 Mar 2000,0.0
14 Mar 2000,0.0
15 Mar 2000,0.0
16 Mar 2000,0.0
17 Mar 2000,0.0
18 Mar 2000,0.0
19 Mar 2000,0.0
20 Mar 2000,0.0
21 Mar 2000,0.0
22 Mar 2000,0.0
23 Mar 2000,0.0
24 Mar 2000,0.0
25 Mar 2000,0.0
26 Mar 2000,0.0
27 Mar 2000,0.0
28 Mar 2000,0.0
29 Mar 2000,0.0
30 Mar 2000,0.0
31 Mar 2000,0.0
1 Apr 2000,0.0
2 Apr 2000,0.0
3 Apr 2000,0.0
4 Apr 2000,0.0
5 Apr 2000,13.71459
6 Apr 2000,16.04037
7 Apr 2000,0.0
8 Apr 2000,0.0
9 Apr 2000,0.0
10 Apr 2000,0.0
11 Apr 2000,0.0
12 Apr 2000,0.0
13 Apr 2000,0.0
14 Apr 2000,0.0
15 Apr 2000,0.0
16 Apr 2000,8.662504
17 Apr 2000,3.489483
18 Apr 2000,0.0
19 Apr 2000,0.0
20 Apr 2000,0.0
21 Apr 2000,0.0
22 Apr 2000,0.0
23 Apr 2000,13.7813
24 Apr 2000,0.0
25 Apr 2000,0.0
26 Apr 2000,0.0
27 Apr 2000,0.0
28 Apr 2000,0.0
29 Apr 2000,0.0
30 Apr 2000,0.0
1 May 2000,0.0
2 May 2000,0.0
3 May 2000,0.0
4 May 2000,5.319681
5 May 2000,0.0
6 May 2000,0.0
7 May 2000,0.0
8 May 2000,4.322184
9 May 2000,0.0
10 May 2000,0.0
11 May 2000,0.0
12 May 2000,0.0
13 May 2000,0.0
14 May 2000,0.0
15 May 2000,0.0
16 May 2000,0.0
17 May 2000,0.0
18 May 2000,0.0
19 May 2000,0.0
20 May 2000,0.0
21 May 2000,0.0
22 May 2000,0.0
23 May 2000,0.0
24 May 2000,0.0
25 May 2000,0.0
26 May 2000,0.0
27 May 2000,0.0
28 May 2000,0.0
29 May 2000,0.0
30 May 2000,0.0
31 May 2000,0.0
1 Jun 2000,0.0
2 Jun 2000,0.0
3 Jun 2000,0.0
4 Jun 2000,0.0
5 Jun 2000,0.0
6 Jun 2000,0.0
7 Jun 2000,0.0
8 Jun 2000,0.0
9 Jun 2000,2.203175
10 Jun 2000,0.0
11 Jun 2000,0.0
12 Jun 2000,0.0
13 Jun 2000,0.0
14 Jun 2000,0.0
15 Jun 2000,0.0
16 Jun 2000,0.0
17 Jun 2000,0.0
18 Jun 2000,0.0
19 Jun 2000,0.0
20 Jun 2000,0.0
21 Jun 2000,2.354514
22 Jun 2000,0.0
23 Jun 2000,0.0
24 Jun 2000,0.0
25 Jun 2000,0.0
26 Jun 2000,0.0
27 Jun 2000,2.885103
28 Jun 2000,25.2041
29 Jun 2000,0.0
30 Jun 2000,0.0
1 Jul 2000,0.0
2 Jul 2000,0.0
3 Jul 2000,0.0
4 Jul 2000,6.989236
5 Jul 2000,0.0
6 Jul 2000,8.39097
7 Jul 2000,0.0
8 Jul 2000,0.0
9 Jul 2000,7.74026
10 Jul 2000,3.957668
11 Jul 2000,0.0
12 Jul 2000,0.0
13 Jul 2000,11.60075
14 Jul 2000,0.0
15 Jul 2000,0.0
16 Jul 2000,0.0
17 Jul 2000,0.0
18 Jul 2000,15.8837
19 Jul 2000,0.0
20 Jul 2000,9.194012
21 Jul 2000,0.0
22 Jul 2000,12.20108
23 Jul 2000,3.94866
24 Jul 2000,0.0
25 Jul 2000,0.0
26 Jul 2000,10.44806
27 Jul 2000,0.0
28 Jul 2000,0.0
29 Jul 2000,0.0
30 Jul 2000,4.394464
31 Jul 2000,0.0
1 Aug 2000,0.0
2 Aug 2000,6.407923
3 Aug 2000,8.066637
4 Aug 2000,10.86451
5 Aug 2000,11.90958
6 Aug 2000,11.51763
7 Aug 2000,1.634094
8 Aug 2000,0.0
9 Aug 2000,0.0
10 Aug 2000,0.0
11 Aug 2000,6.861856
12 Aug 2000,7.657849
13 Aug 2000,19.52133
14 Aug 2000,4.83316
15 Aug 2000,0.0
16 Aug 2000,24.09185
17 Aug 2000,16.90844
18 Aug 2000,0.0
19 Aug 2000,10.45011
20 Aug 2000,4.293309
21 Aug 2000,10.59373
22 Aug 2000,0.0
23 Aug 2000,0.0
24 Aug 2000,2.202892
25 Aug 2000,5.180045
26 Aug 2000,3.868357
27 Aug 2000,0.0
28 Aug 2000,0.0
29 Aug 2000,0.0
30 Aug 2000,3.72443
31 Aug 2000,0.0
1 Sep 2000,0.0
2 Sep 2000,0.0
3 Sep 2000,6.358644
4 Sep 2000,5.705473
5 Sep 2000,0.0
6 Sep 2000,0.0
7 Sep 2000,4.735748
8 Sep 2000,0.0
9 Sep 2000,0.0
10 Sep 2000,0.0
11 Sep 2000,0.0
12 Sep 2000,0.0
13 Sep 2000,0.0
14 Sep 2000,0.0
15 Sep 2000,2.242511
16 Sep 2000,0.0
17 Sep 2000,0.0
18 Sep 2000,0.0
19 Sep 2000,0.0
20 Sep 2000,0.0
21 Sep 2000,0.0
22 Sep 2000,0.0
23 Sep 2000,3.928567
24 Sep 2000,0.0
25 Sep 2000,0.0
26 Sep 2000,0.0
27 Sep 2000,0.0
28 Sep 2000,0.0
29 Sep 2000,8.47834
30 Sep 2000,2.771369
1 Oct 2000,0.0
2 Oct 2000,8.842682
3 Oct 2000,6.356208
4 Oct 2000,0.0
5 Oct 2000,0.0
6 Oct 2000,0.0
7 Oct 2000,0.0
8 Oct 2000,0.0
9 Oct 2000,0.0
10 Oct 2000,0.0
11 Oct 2000,0.0
12 Oct 2000,0.0
13 Oct 2000,0.0
14 Oct 2000,3.422875
15 Oct 2000,2.737441
16 Oct 2000,0.0
17 Oct 2000,0.0
18 Oct 2000,0.0
19 Oct 2000,0.0
20 Oct 2000,0.0
21 Oct 2000,0.0
22 Oct 2000,0.0
23 Oct 2000,0.0
24 Oct 2000,0.0
25 Oct 2000,0.0
26 Oct 2000,4.277862
27 Oct 2000,2.27387
28 Oct 2000,12.88498
29 Oct 2000,0.0
30 Oct 2000,0.0
31 Oct 2000,0.0
1 Nov 2000,0.0
2 Nov 2000,0.0
3 Nov 2000,0.0
4 Nov 2000,0.0
5 Nov 2000,0.0
6 Nov 2000,0.0
7 Nov 2000,0.0
8 Nov 2000,0.0
9 Nov 2000,0.0
10 Nov 2000,0.0
11 Nov 2000,0.0
12 Nov 2000,0.0
13 Nov 2000,0.0
14 Nov 2000,0.0
15 Nov 2000,0.0
16 Nov 2000,0.0
17 Nov 2000,0.0
18 Nov 2000,0.0
19 Nov 2000,0.0
20 Nov 2000,0.0
21 Nov 2000,0.0
22 Nov 2000,0.0
23 Nov 2000,0.0
24 Nov 2000,0.0
25 Nov 2000,0.0
26 Nov 2000,0.0
27 Nov 2000,0.0
28 Nov 2000,0.0
29 Nov 2000,0.0
30 Nov 2000,2.985162
1 Dec 2000,0.0
2 Dec 2000,0.0
3 Dec 2000,0.0
4 Dec 2000,0.0
5 Dec 2000,0.0
6 Dec 2000,0.0
7 Dec 2000,0.0
8 Dec 2000,0.0
9 Dec 2000,0.0
10 Dec 2000,0.0
11 Dec 2000,0.0
12 Dec 2000,0.0
13 Dec 2000,0.0
14 Dec 2000,0.0
15 Dec 2000,0.0
16 Dec 2000,0.0
17 Dec 2000,0.0
18 Dec 2000,0.0
19 Dec 2000,0.0
20 Dec 2000,0.0
21 Dec 2000,0.0
22 Dec 2000,0.0
23 Dec 2000,0.0
24 Dec 2000,0.0
25 Dec 2000,0.0
26 Dec 2000,0.0
27 Dec 2000,0.0
28 Dec 2000,0.0
29 Dec 2000,0.0
30 Dec 2000,0.0
31 Dec 2000,0.0
1 Jan 2001,0.0
2 Jan 2001,0.0
3 Jan 2001,0.0
4 Jan 2001,0.0
5 Jan 2001,0.0
6 Jan 2001,0.0
7 Jan 2001,0.0
8 Jan 2001,0.0
10 Jan 2001,0.0
11 Jan 2001,0.0
12 Jan 2001,0.0
13 Jan 2001,0.0
14 Jan 2001,0.0
15 Jan 2001,0.0
16 Jan 2001,0.0
17 Jan 2001,0.0
18 Jan 2001,0.0
19 Jan 2001,0.0
20 Jan 2001,0.0
21 Jan 2001,0.0
22 Jan 2001,0.0
23 Jan 2001,0.0
24 Jan 2001,0.0
25 Jan 2001,0.0
26 Jan 2001,0.0
27 Jan 2001,0.0
28 Jan 2001,0.0
29 Jan 2001,0.0
30 Jan 2001,0.0
31 Jan 2001,0.0
1 Feb 2001,0.0
2 Feb 2001,0.0
3 Feb 2001,0.0
4 Feb 2001,0.0
5 Feb 2001,0.0
6 Feb 2001,0.0
7 Feb 2001,0.0
8 Feb 2001,0.0
9 Feb 2001,0.0
10 Feb 2001,0.0
11 Feb 2001,0.0
12 Feb 2001,0.0
13 Feb 2001,0.0
14 Feb 2001,0.0
15 Feb 2001,0.0
16 Feb 2001,0.0
17 Feb 2001,0.0
18 Feb 2001,0.0
19 Feb 2001,0.0
20 Feb 2001,0.0
21 Feb 2001,0.0
22 Feb 2001,0.0
23 Feb 2001,0.0
24 Feb 2001,0.0
25 Feb 2001,0.0
26 Feb 2001,0.0
28 Feb 2001,0.0
1 Mar 2001,0.0
2 Mar 2001,0.0
3 Mar 2001,0.0
4 Mar 2001,0.0
5 Mar 2001,0.0
6 Mar 2001,0.0
7 Mar 2001,0.0
8 Mar 2001,0.0
9 Mar 2001,0.0
10 Mar 2001,0.0
11 Mar 2001,0.0
12 Mar 2001,0.0
13 Mar 2001,0.0
14 Mar 2001,0.0
15 Mar 2001,0.0
16 Mar 2001,0.0
17 Mar 2001,0.0
18 Mar 2001,0.0
19 Mar 2001,0.0
20 Mar 2001,0.0
21 Mar 2001,0.0
22 Mar 2001,0.0
23 Mar 2001,0.0
24 Mar 2001,0.0
25 Mar 2001,0.0
26 Mar 2001,0.0
27 Mar 2001,0.0
28 Mar 2001,0.0
29 Mar 2001,0.0
30 Mar 2001,0.0
31 Mar 2001,0.0
1 Apr 2001,0.0
2 Apr 2001,0.0
3 Apr 2001,0.0
4 Apr 2001,0.0
5 Apr 2001,0.0
6 Apr 2001,0.0
7 Apr 2001,0.0
8 Apr 2001,0.0
9 Apr 2001,0.0
10 Apr 2001,0.0
11 Apr 2001,0.0
12 Apr 2001,0.0
13 Apr 2001,0.0
14 Apr 2001,0.0
15 Apr 2001,0.0
16 Apr 2001,0.0
17 Apr 2001,0.0
18 Apr 2001,0.0
19 Apr 2001,0.0
20 Apr 2001,0.0
21 Apr 2001,0.0
22 Apr 2001,0.0
23 Apr 2001,0.0
24 Apr 2001,0.0
25 Apr 2001,0.0
26 Apr 2001,0.0
27 Apr 2001,0.0
28 Apr 2001,0.0
29 Apr 2001,0.0
30 Apr 2001,0.0
1 May 2001,6.650115
2 May 2001,0.0
3 May 2001,0.0
4 May 2001,0.0
5 May 2001,0.0
6 May 2001,0.0
7 May 2001,0.0
8 May 2001,0.0
9 May 2001,0.0
10 May 2001,1.199984
11 May 2001,0.0
12 May 2001,0.0
13 May 2001,0.0
14 May 2001,0.0
15 May 2001,0.0
16 May 2001,0.0
17 May 2001,0.0
18 May 2001,0.0
19 May 2001,0.0
20 May 2001,0.0
21 May 2001,0.0
22 May 2001,0.0
23 May 2001,0.0
24 May 2001,0.0
25 May 2001,0.0
26 May 2001,0.0
27 May 2001,0.0
28 May 2001,0.0
29 May 2001,0.0
30 May 2001,0.0
31 May 2001,0.0
1 Jun 2001,0.0
2 Jun 2001,0.0
3 Jun 2001,0.0
4 Jun 2001,0.0
5 Jun 2001,0.0
6 Jun 2001,0.0
7 Jun 2001,0.0
8 Jun 2001,0.0
9 Jun 2001,0.0
10 Jun 2001,0.0
11 Jun 2001,0.0
12 Jun 2001,0.0
13 Jun 2001,0.0
14 Jun 2001,0.0
15 Jun 2001,0.0
16 Jun 2001,0.0
17 Jun 2001,0.0
18 Jun 2001,0.0
19 Jun 2001,0.0
20 Jun 2001,0.0
21 Jun 2001,0.0
22 Jun 2001,0.0
23 Jun 2001,0.0
24 Jun 2001,0.0
25 Jun 2001,0.0
26 Jun 2001,0.0
27 Jun 2001,0.0
28 Jun 2001,0.0
29 Jun 2001,0.0
30 Jun 2001,0.0
1 Jul 2001,0.0
2 Jul 2001,9.411795
3 Jul 2001,0.0
4 Jul 2001,0.0
5 Jul 2001,0.0
6 Jul 2001,14.748
7 Jul 2001,0.0
8 Jul 2001,0.0
9 Jul 2001,0.0
10 Jul 2001,0.0
11 Jul 2001,0.0
12 Jul 2001,0.0
13 Jul 2001,2.964947
14 Jul 2001,0.0
15 Jul 2001,2.647178
16 Jul 2001,7.509284
17 Jul 2001,0.0
18 Jul 2001,3.804199
19 Jul 2001,13.50723
20 Jul 2001,4.981555
21 Jul 2001,6.458624
22 Jul 2001,7.396686
23 Jul 2001,0.0
24 Jul 2001,3.504416
25 Jul 2001,11.27927
26 Jul 2001,7.052395
27 Jul 2001,2.67074
28 Jul 2001,6.192479
29 Jul 2001,6.117784
30 Jul 2001,0.0
31 Jul 2001,6.511087
1 Aug 2001,17.4269
2 Aug 2001,0.0
3 Aug 2001,4.765649
4 Aug 2001,6.401044
5 Aug 2001,0.0
6 Aug 2001,12.95428
7 Aug 2001,4.603264
8 Aug 2001,11.85503
9 Aug 2001,2.264616
10 Aug 2001,10.84604
11 Aug 2001,11.98232
12 Aug 2001,0.0
13 Aug 2001,17.40299
14 Aug 2001,8.099462
15 Aug 2001,9.729435
16 Aug 2001,5.860067
17 Aug 2001,0.0
18 Aug 2001,3.448674
19 Aug 2001,3.06879
20 Aug 2001,0.0
21 Aug 2001,5.460631
22 Aug 2001,0.0
23 Aug 2001,5.944737
24 Aug 2001,0.0
25 Aug 2001,4.209586
26 Aug 2001,0.7397788
27 Aug 2001,0.0
28 Aug 2001,0.0
29 Aug 2001,28.67709
30 Aug 2001,10.96669
31 Aug 2001,4.100226
1 Sep 2001,15.7874
2 Sep 2001,0.0
3 Sep 2001,0.0
4 Sep 2001,0.0
5 Sep 2001,0.0
6 Sep 2001,0.0
7 Sep 2001,8.684829
8 Sep 2001,0.0
9 Sep 2001,3.268203
10 Sep 2001,5.544265
11 Sep 2001,0.0
12 Sep 2001,0.0
13 Sep 2001,0.0
14 Sep 2001,5.468978
15 Sep 2001,2.877478
16 Sep 2001,4.143039
17 Sep 2001,0.0
18 Sep 2001,0.0
19 Sep 2001,0.0
20 Sep 2001,0.0
21 Sep 2001,0.0
22 Sep 2001,0.0
23 Sep 2001,0.0
24 Sep 2001,0.0
25 Sep 2001,0.0
26 Sep 2001,0.0
27 Sep 2001,0.0
28 Sep 2001,0.0
29 Sep 2001,0.0
30 Sep 2001,0.0
1 Oct 2001,0.0
2 Oct 2001,0.0
3 Oct 2001,0.0
4 Oct 2001,0.0
5 Oct 2001,0.0
6 Oct 2001,0.0
7 Oct 2001,0.0
8 Oct 2001,0.0
9 Oct 2001,0.0
10 Oct 2001,0.0
11 Oct 2001,0.0
12 Oct 2001,0.0
13 Oct 2001,0.0
14 Oct 2001,0.0
15 Oct 2001,0.0
16 Oct 2001,0.0
17 Oct 2001,0.0
18 Oct 2001,0.0
19 Oct 2001,0.0
20 Oct 2001,0.0
21 Oct 2001,0.0
22 Oct 2001,0.0
23 Oct 2001,0.0
24 Oct 2001,0.0
25 Oct 2001,0.0
26 Oct 2001,0.0
27 Oct 2001,0.0
28 Oct 2001,0.0
29 Oct 2001,0.0
30 Oct 2001,0.0
31 Oct 2001,0.0
1 Nov 2001,0.0
2 Nov 2001,0.0
3 Nov 2001,0.0
4 Nov 2001,0.0
5 Nov 2001,0.0
6 Nov 2001,0.0
7 Nov 2001,0.0
8 Nov 2001,0.0
9 Nov 2001,0.0
10 Nov 2001,0.0
11 Nov 2001,0.0
12 Nov 2001,0.0
13 Nov 2001,0.0
14 Nov 2001,0.0
15 Nov 2001,0.0
16 Nov 2001,0.0
17 Nov 2001,0.0
18 Nov 2001,0.0
19 Nov 2001,0.0
20 Nov 2001,0.0
21 Nov 2001,0.0
22 Nov 2001,0.0
23 Nov 2001,0.0
24 Nov 2001,0.0
25 Nov 2001,0.0
26 Nov 2001,0.0
27 Nov 2001,0.0
28 Nov 2001,0.0
29 Nov 2001,0.0
30 Nov 2001,0.0
1 Dec 2001,0.0
2 Dec 2001,0.0
3 Dec 2001,0.0
4 Dec 2001,0.0
5 Dec 2001,0.0
6 Dec 2001,0.0
7 Dec 2001,0.0
8 Dec 2001,0.0
9 Dec 2001,0.0
10 Dec 2001,0.0
11 Dec 2001,0.0
12 Dec 2001,0.0
13 Dec 2001,0.0
14 Dec 2001,0.0
15 Dec 2001,0.0
16 Dec 2001,0.0
17 Dec 2001,0.0
18 Dec 2001,0.0
19 Dec 2001,0.0
20 Dec 2001,0.0
21 Dec 2001,0.0
22 Dec 2001,0.0
23 Dec 2001,0.0
24 Dec 2001,0.0
25 Dec 2001,0.0
26 Dec 2001,0.0
27 Dec 2001,0.0
28 Dec 2001,0.0
29 Dec 2001,0.0
30 Dec 2001,0.0
31 Dec 2001,0.0
1 Jan 2002,0.0
2 Jan 2002,0.0
3 Jan 2002,0.0
4 Jan 2002,0.0
5 Jan 2002,0.0
6 Jan 2002,0.0
7 Jan 2002,0.0
8 Jan 2002,0.0
9 Jan 2002,0.0
10 Jan 2002,0.0
11 Jan 2002,0.0
12 Jan 2002,4.338092
13 Jan 2002,0.0
14 Jan 2002,0.0
15 Jan 2002,0.0
16 Jan 2002,0.0
17 Jan 2002,0.0
18 Jan 2002,0.0
19 Jan 2002,0.0
20 Jan 2002,0.0
21 Jan 2002,0.0
22 Jan 2002,0.0
23 Jan 2002,0.0
24 Jan 2002,0.0
25 Jan 2002,0.0
26 Jan 2002,0.0
27 Jan 2002,0.0
28 Jan 2002,0.0
29 Jan 2002,0.0
30 Jan 2002,0.0
31 Jan 2002,0.0
1 Feb 2002,0.0
2 Feb 2002,0.0
3 Feb 2002,0.0
4 Feb 2002,0.0
5 Feb 2002,0.0
6 Feb 2002,0.0
7 Feb 2002,0.0
8 Feb 2002,0.0
9 Feb 2002,0.0
10 Feb 2002,0.0
11 Feb 2002,0.0
12 Feb 2002,0.0
13 Feb 2002,0.0
14 Feb 2002,0.0
15 Feb 2002,0.0
16 Feb 2002,0.0
17 Feb 2002,0.0
18 Feb 2002,0.0
19 Feb 2002,0.0
20 Feb 2002,0.0
21 Feb 2002,0.0
22 Feb 2002,0.0
23 Feb 2002,0.0
24 Feb 2002,0.0
25 Feb 2002,0.0
26 Feb 2002,0.0
27 Feb 2002,0.0
28 Feb 2002,0.0
1 Mar 2002,0.0
2 Mar 2002,0.0
3 Mar 2002,0.0
4 Mar 2002,0.0
5 Mar 2002,1.26325
6 Mar 2002,0.0
7 Mar 2002,0.0
8 Mar 2002,0.0
9 Mar 2002,0.0
10 Mar 2002,0.0
11 Mar 2002,0.0
12 Mar 2002,0.0
13 Mar 2002,0.0
14 Mar 2002,0.0
15 Mar 2002,0.0
16 Mar 2002,0.0
17 Mar 2002,0.0
18 Mar 2002,0.0
19 Mar 2002,0.0
20 Mar 2002,0.0
21 Mar 2002,6.992652
22 Mar 2002,0.0
23 Mar 2002,0.0
24 Mar 2002,0.0
25 Mar 2002,0.0
26 Mar 2002,0.0
27 Mar 2002,0.0
28 Mar 2002,2.772225
29 Mar 2002,3.888801
30 Mar 2002,0.2883452
31 Mar 2002,0.0
1 Apr 2002,0.0
2 Apr 2002,0.0
3 Apr 2002,0.0
4 Apr 2002,0.0
5 Apr 2002,0.0
6 Apr 2002,8.033195
7 Apr 2002,0.0
8 Apr 2002,0.0
9 Apr 2002,0.0
10 Apr 2002,0.0
11 Apr 2002,0.0
12 Apr 2002,0.0
13 Apr 2002,0.0
14 Apr 2002,0.0
15 Apr 2002,0.0
16 Apr 2002,0.0
17 Apr 2002,0.0
18 Apr 2002,0.0
19 Apr 2002,0.0
20 Apr 2002,0.0
21 Apr 2002,0.0
22 Apr 2002,0.0
23 Apr 2002,0.0
24 Apr 2002,0.0
25 Apr 2002,0.0
26 Apr 2002,0.0
27 Apr 2002,0.0
28 Apr 2002,0.0
29 Apr 2002,0.0
30 Apr 2002,0.0
1 May 2002,0.0
2 May 2002,0.0
3 May 2002,0.0
4 May 2002,0.0
5 May 2002,0.0
6 May 2002,0.0
7 May 2002,0.0
8 May 2002,0.0
9 May 2002,0.0
10 May 2002,0.0
11 May 2002,0.0
12 May 2002,0.0
13 May 2002,0.0
14 May 2002,0.0
15 May 2002,0.0
16 May 2002,0.0
17 May 2002,0.0
18 May 2002,0.0
19 May 2002,0.0
20 May 2002,0.0
21 May 2002,0.0
22 May 2002,0.0
23 May 2002,0.0
24 May 2002,0.0
25 May 2002,0.0
26 May 2002,0.0
27 May 2002,0.0
28 May 2002,0.0
29 May 2002,0.0
30 May 2002,0.0
31 May 2002,0.0
1 Jun 2002,0.0
2 Jun 2002,0.0
3 Jun 2002,0.3853382
4 Jun 2002,0.0
5 Jun 2002,0.0
6 Jun 2002,0.0
7 Jun 2002,3.2979
8 Jun 2002,0.0
9 Jun 2002,0.0
10 Jun 2002,0.0
11 Jun 2002,0.0
12 Jun 2002,0.0
13 Jun 2002,0.0
14 Jun 2002,0.0
15 Jun 2002,0.0
16 Jun 2002,0.0
17 Jun 2002,0.0
18 Jun 2002,0.0
19 Jun 2002,0.0
20 Jun 2002,0.0
21 Jun 2002,0.0
22 Jun 2002,0.0
23 Jun 2002,0.0
24 Jun 2002,0.0
25 Jun 2002,0.0
26 Jun 2002,0.0
27 Jun 2002,0.0
28 Jun 2002,0.0
29 Jun 2002,0.0
30 Jun 2002,0.0
1 Jul 2002,0.0
2 Jul 2002,0.0
3 Jul 2002,0.0
4 Jul 2002,0.0
5 Jul 2002,0.0
6 Jul 2002,0.0
7 Jul 2002,0.0
8 Jul 2002,0.0
9 Jul 2002,0.0
10 Jul 2002,0.0
11 Jul 2002,0.0
12 Jul 2002,0.0
13 Jul 2002,0.0
14 Jul 2002,0.0
15 Jul 2002,0.0
16 Jul 2002,0.0
17 Jul 2002,0.0
18 Jul 2002,0.0
19 Jul 2002,0.0
20 Jul 2002,0.0
21 Jul 2002,0.0
22 Jul 2002,0.0
23 Jul 2002,0.0
24 Jul 2002,13.20053
25 Jul 2002,0.0
26 Jul 2002,8.568429
27 Jul 2002,1.757882
28 Jul 2002,0.0
29 Jul 2002,0.0
30 Jul 2002,0.0
31 Jul 2002,0.0
1 Aug 2002,6.365257
2 Aug 2002,4.488176
3 Aug 2002,1.555867
4 Aug 2002,3.36795
5 Aug 2002,8.043608
6 Aug 2002,11.31214
7 Aug 2002,2.519138
8 Aug 2002,11.76798
9 Aug 2002,15.80695
10 Aug 2002,0.0
11 Aug 2002,0.0
12 Aug 2002,2.840123
13 Aug 2002,0.0
14 Aug 2002,0.0
15 Aug 2002,3.482231
16 Aug 2002,14.35582
17 Aug 2002,12.74864
18 Aug 2002,5.289495
19 Aug 2002,6.649807
20 Aug 2002,0.0
21 Aug 2002,0.0
22 Aug 2002,0.0
23 Aug 2002,0.0
24 Aug 2002,0.0
25 Aug 2002,2.251062
26 Aug 2002,7.415658
27 Aug 2002,0.0
28 Aug 2002,0.0
29 Aug 2002,0.0
30 Aug 2002,5.210835
31 Aug 2002,1.665781
1 Sep 2002,8.419111
2 Sep 2002,1.87065
3 Sep 2002,3.586909
4 Sep 2002,0.0
5 Sep 2002,5.489848
6 Sep 2002,7.562796
7 Sep 2002,0.0
8 Sep 2002,0.0
9 Sep 2002,0.0
10 Sep 2002,0.0
11 Sep 2002,2.022626
12 Sep 2002,0.0
13 Sep 2002,0.0
14 Sep 2002,13.31252
15 Sep 2002,0.0
16 Sep 2002,4.860774
17 Sep 2002,0.0
18 Sep 2002,0.0
19 Sep 2002,0.0
20 Sep 2002,0.0
21 Sep 2002,0.0
22 Sep 2002,2.929937
23 Sep 2002,0.0
24 Sep 2002,0.0
25 Sep 2002,0.0
26 Sep 2002,0.0
27 Sep 2002,0.0
28 Sep 2002,0.0
29 Sep 2002,0.0
30 Sep 2002,0.0
1 Oct 2002,0.0
2 Oct 2002,0.0
3 Oct 2002,0.0
4 Oct 2002,0.0
5 Oct 2002,0.0
6 Oct 2002,0.0
7 Oct 2002,0.0
8 Oct 2002,0.0
9 Oct 2002,0.0
10 Oct 2002,0.0
11 Oct 2002,0.0
12 Oct 2002,2.625428
13 Oct 2002,0.0
14 Oct 2002,0.0
15 Oct 2002,0.0
16 Oct 2002,0.0
17 Oct 2002,0.0
18 Oct 2002,0.0
19 Oct 2002,0.0
20 Oct 2002,0.0
21 Oct 2002,0.0
22 Oct 2002,0.0
23 Oct 2002,0.0
24 Oct 2002,6.868128
25 Oct 2002,0.0
26 Oct 2002,0.0
27 Oct 2002,0.0
28 Oct 2002,0.0
29 Oct 2002,0.0
30 Oct 2002,0.0
31 Oct 2002,0.0
1 Nov 2002,0.0
2 Nov 2002,0.0
3 Nov 2002,0.0
4 Nov 2002,0.0
5 Nov 2002,0.0
6 Nov 2002,0.0
7 Nov 2002,0.0
8 Nov 2002,0.0
9 Nov 2002,0.0
10 Nov 2002,0.0
11 Nov 2002,0.0
12 Nov 2002,0.0
13 Nov 2002,0.0
14 Nov 2002,0.0
15 Nov 2002,0.0
16 Nov 2002,0.273126
17 Nov 2002,0.0
18 Nov 2002,0.0
19 Nov 2002,0.0
20 Nov 2002,0.0
21 Nov 2002,0.0
22 Nov 2002,0.0
23 Nov 2002,0.0
24 Nov 2002,0.0
25 Nov 2002,0.0
26 Nov 2002,0.0
27 Nov 2002,0.0
28 Nov 2002,0.0
29 Nov 2002,0.0
30 Nov 2002,0.0
1 Dec 2002,0.0
2 Dec 2002,0.0
3 Dec 2002,0.0
4 Dec 2002,0.0
5 Dec 2002,0.0
6 Dec 2002,0.0
7 Dec 2002,0.0
8 Dec 2002,0.0
9 Dec 2002,0.0
10 Dec 2002,0.0
11 Dec 2002,0.0
12 Dec 2002,0.0
13 Dec 2002,0.0
14 Dec 2002,0.0
15 Dec 2002,0.0
16 Dec 2002,0.0
17 Dec 2002,0.0
18 Dec 2002,0.0
19 Dec 2002,0.0
20 Dec 2002,0.0
21 Dec 2002,0.0
22 Dec 2002,0.0
23 Dec 2002,0.0
24 Dec 2002,0.0
25 Dec 2002,0.0
26 Dec 2002,0.0
27 Dec 2002,0.0
28 Dec 2002,0.0
29 Dec 2002,0.0
30 Dec 2002,0.0
31 Dec 2002,0.0
1 Jan 2003,0.0
2 Jan 2003,0.0
3 Jan 2003,0.0
4 Jan 2003,0.0
5 Jan 2003,0.0
6 Jan 2003,0.0
7 Jan 2003,0.0
8 Jan 2003,0.0
9 Jan 2003,0.0
10 Jan 2003,0.0
11 Jan 2003,0.0
12 Jan 2003,0.0
13 Jan 2003,0.0
14 Jan 2003,0.0
15 Jan 2003,0.0
16 Jan 2003,0.0
17 Jan 2003,0.0
18 Jan 2003,0.0
19 Jan 2003,0.0
20 Jan 2003,0.0
21 Jan 2003,0.0
22 Jan 2003,0.0
23 Jan 2003,0.0
24 Jan 2003,0.0
25 Jan 2003,0.0
26 Jan 2003,0.0
27 Jan 2003,0.0
28 Jan 2003,0.0
29 Jan 2003,0.0
30 Jan 2003,0.0
31 Jan 2003,0.0
1 Feb 2003,0.0
2 Feb 2003,0.0
3 Feb 2003,0.0
4 Feb 2003,0.0
5 Feb 2003,0.0
6 Feb 2003,0.0
7 Feb 2003,0.0
8 Feb 2003,0.0
9 Feb 2003,0.0
10 Feb 2003,0.0
11 Feb 2003,0.0
12 Feb 2003,0.0
13 Feb 2003,0.0
14 Feb 2003,0.0
15 Feb 2003,0.0
16 Feb 2003,0.0
17 Feb 2003,0.0
18 Feb 2003,0.0
19 Feb 2003,0.0
20 Feb 2003,0.0
21 Feb 2003,0.0
22 Feb 2003,8.365445
23 Feb 2003,0.0
24 Feb 2003,0.0
25 Feb 2003,0.0
26 Feb 2003,0.0
27 Feb 2003,0.0
28 Feb 2003,0.0
1 Mar 2003,0.0
2 Mar 2003,0.0
3 Mar 2003,0.0
4 Mar 2003,0.0
5 Mar 2003,0.0
6 Mar 2003,0.0
7 Mar 2003,0.0
8 Mar 2003,0.0
9 Mar 2003,0.0
10 Mar 2003,0.0
11 Mar 2003,0.0
12 Mar 2003,0.0
13 Mar 2003,0.0
14 Mar 2003,0.0
15 Mar 2003,0.0
16 Mar 2003,0.0
17 Mar 2003,0.0
18 Mar 2003,0.0
19 Mar 2003,0.0
20 Mar 2003,0.0
21 Mar 2003,0.0
22 Mar 2003,0.0
23 Mar 2003,0.0
24 Mar 2003,0.0
25 Mar 2003,0.0
26 Mar 2003,0.0
27 Mar 2003,0.0
28 Mar 2003,0.0
29 Mar 2003,8.311239
30 Mar 2003,0.0
31 Mar 2003,0.0
1 Apr 2003,0.0
2 Apr 2003,0.0
3 Apr 2003,0.0
4 Apr 2003,0.0
5 Apr 2003,0.0
6 Apr 2003,0.0
7 Apr 2003,0.0
8 Apr 2003,0.0
9 Apr 2003,0.0
10 Apr 2003,0.0
11 Apr 2003,0.0
12 Apr 2003,0.0
13 Apr 2003,0.0
14 Apr 2003,0.0
15 Apr 2003,0.0
16 Apr 2003,0.0
17 Apr 2003,0.0
18 Apr 2003,0.0
19 Apr 2003,0.0
20 Apr 2003,0.0
21 Apr 2003,0.0
22 Apr 2003,0.0
23 Apr 2003,0.0
24 Apr 2003,0.0
25 Apr 2003,0.0
26 Apr 2003,0.0
27 Apr 2003,0.0
28 Apr 2003,0.0
29 Apr 2003,0.0
30 Apr 2003,0.0
1 May 2003,0.0
2 May 2003,0.0
3 May 2003,0.0
4 May 2003,0.0
5 May 2003,0.0
6 May 2003,0.0
7 May 2003,0.0
8 May 2003,0.0
9 May 2003,0.0
10 May 2003,0.0
11 May 2003,0.0
12 May 2003,0.0
13 May 2003,0.0
14 May 2003,0.0
15 May 2003,0.0
16 May 2003,0.0
17 May 2003,0.0
18 May 2003,0.0
19 May 2003,0.0
20 May 2003,0.0
21 May 2003,0.0
22 May 2003,0.0
23 May 2003,0.0
24 May 2003,0.0
25 May 2003,0.0
26 May 2003,0.0
27 May 2003,0.0
28 May 2003,7.612582
29 May 2003,0.0
30 May 2003,0.0
31 May 2003,0.0
1 Jun 2003,0.0
2 Jun 2003,0.0
3 Jun 2003,0.0
4 Jun 2003,0.0
5 Jun 2003,0.0
6 Jun 2003,0.0
7 Jun 2003,0.0
8 Jun 2003,0.0
9 Jun 2003,0.0
10 Jun 2003,0.0
11 Jun 2003,0.0
12 Jun 2003,3.417461
13 Jun 2003,0.0
14 Jun 2003,0.0
15 Jun 2003,0.0
16 Jun 2003,0.0
17 Jun 2003,0.0
18 Jun 2003,0.0
19 Jun 2003,0.0
20 Jun 2003,0.0
21 Jun 2003,0.0
22 Jun 2003,0.0
23 Jun 2003,0.0
24 Jun 2003,0.0
25 Jun 2003,0.0
26 Jun 2003,0.0
27 Jun 2003,0.0
28 Jun 2003,6.194338
29 Jun 2003,0.0
30 Jun 2003,0.0
1 Jul 2003,1.130565
2 Jul 2003,3.092575
3 Jul 2003,0.0
4 Jul 2003,0.0
5 Jul 2003,0.0
6 Jul 2003,0.0
7 Jul 2003,0.0
8 Jul 2003,0.0
9 Jul 2003,0.0
10 Jul 2003,0.0
11 Jul 2003,0.0
12 Jul 2003,4.436014
13 Jul 2003,0.0
14 Jul 2003,0.5769598
15 Jul 2003,0.0
16 Jul 2003,0.0
17 Jul 2003,0.0
18 Jul 2003,0.0
19 Jul 2003,0.0
20 Jul 2003,0.0
21 Jul 2003,28.68529
22 Jul 2003,3.626496
23 Jul 2003,0.0
24 Jul 2003,1.056746
25 Jul 2003,0.0
26 Jul 2003,0.0
27 Jul 2003,0.0
28 Jul 2003,0.0
29 Jul 2003,21.36156
30 Jul 2003,0.0
31 Jul 2003,7.820217
1 Aug 2003,0.0
2 Aug 2003,27.06105
3 Aug 2003,0.0
4 Aug 2003,0.0
5 Aug 2003,3.316125
6 Aug 2003,19.72624
7 Aug 2003,14.09392
8 Aug 2003,18.0503
9 Aug 2003,0.0
10 Aug 2003,5.589694
11 Aug 2003,8.207369
12 Aug 2003,2.069629
13 Aug 2003,16.72204
14 Aug 2003,14.06854
15 Aug 2003,3.328614
16 Aug 2003,32.81963
17 Aug 2003,0.0
18 Aug 2003,3.56452
19 Aug 2003,8.659514
20 Aug 2003,6.632901
21 Aug 2003,21.31728
22 Aug 2003,2.875543
23 Aug 2003,0.0
24 Aug 2003,4.440441
25 Aug 2003,4.295308
26 Aug 2003,10.43046
27 Aug 2003,0.0
28 Aug 2003,0.0
29 Aug 2003,3.867149
30 Aug 2003,10.1065
31 Aug 2003,2.159777
1 Sep 2003,5.14425
2 Sep 2003,0.0
3 Sep 2003,0.0
4 Sep 2003,0.0
5 Sep 2003,4.116927
6 Sep 2003,6.0048
7 Sep 2003,0.0
8 Sep 2003,0.0
9 Sep 2003,0.0
10 Sep 2003,0.0
11 Sep 2003,5.649262
12 Sep 2003,0.0
13 Sep 2003,0.0
14 Sep 2003,0.0
15 Sep 2003,0.0
16 Sep 2003,5.274593
17 Sep 2003,0.0
18 Sep 2003,0.0
19 Sep 2003,0.0
20 Sep 2003,0.0
21 Sep 2003,0.0
22 Sep 2003,0.0
23 Sep 2003,0.0
24 Sep 2003,8.377409
25 Sep 2003,0.0
26 Sep 2003,0.0
27 Sep 2003,5.211419
28 Sep 2003,0.0
29 Sep 2003,0.0
30 Sep 2003,0.0
1 Oct 2003,0.0
2 Oct 2003,0.0
3 Oct 2003,0.0
4 Oct 2003,0.0
5 Oct 2003,0.0
6 Oct 2003,0.0
7 Oct 2003,0.0
8 Oct 2003,0.0
9 Oct 2003,0.0
10 Oct 2003,0.0
11 Oct 2003,0.0
12 Oct 2003,0.0
13 Oct 2003,0.0
14 Oct 2003,0.0
15 Oct 2003,0.0
16 Oct 2003,0.0
17 Oct 2003,0.0
18 Oct 2003,0.0
19 Oct 2003,0.0
20 Oct 2003,0.0
21 Oct 2003,0.0
22 Oct 2003,0.0
23 Oct 2003,0.0
24 Oct 2003,0.0
25 Oct 2003,0.0
26 Oct 2003,0.0
27 Oct 2003,0.0
28 Oct 2003,0.0
29 Oct 2003,0.0
30 Oct 2003,0.0
31 Oct 2003,0.0
1 Nov 2003,0.0
2 Nov 2003,0.0
3 Nov 2003,0.0
4 Nov 2003,0.0
5 Nov 2003,0.0
6 Nov 2003,0.0
7 Nov 2003,0.0
8 Nov 2003,0.0
9 Nov 2003,0.0
10 Nov 2003,0.0
11 Nov 2003,0.0
12 Nov 2003,0.0
13 Nov 2003,0.0
14 Nov 2003,0.0
15 Nov 2003,0.0
16 Nov 2003,0.0
17 Nov 2003,0.0
18 Nov 2003,0.0
19 Nov 2003,0.0
20 Nov 2003,0.0
21 Nov 2003,0.0
22 Nov 2003,0.0
23 Nov 2003,0.0
24 Nov 2003,0.0
25 Nov 2003,0.0
26 Nov 2003,0.0
27 Nov 2003,0.0
28 Nov 2003,0.0
29 Nov 2003,0.0
30 Nov 2003,0.0
1 Dec 2003,0.0
2 Dec 2003,0.0
3 Dec 2003,0.0
4 Dec 2003,0.0
5 Dec 2003,0.0
6 Dec 2003,0.0
7 Dec 2003,0.0
8 Dec 2003,0.0
9 Dec 2003,0.0
10 Dec 2003,0.0
11 Dec 2003,0.0
12 Dec 2003,0.0
13 Dec 2003,0.0
14 Dec 2003,0.0
15 Dec 2003,0.0
16 Dec 2003,0.0
17 Dec 2003,0.0
18 Dec 2003,0.0
19 Dec 2003,0.0
20 Dec 2003,0.0
21 Dec 2003,0.0
22 Dec 2003,0.0
23 Dec 2003,0.0
24 Dec 2003,0.0
25 Dec 2003,0.0
26 Dec 2003,0.0
27 Dec 2003,0.0
28 Dec 2003,0.0
29 Dec 2003,0.0
30 Dec 2003,0.0
1 Jan 2004,0.0
2 Jan 2004,0.0
3 Jan 2004,0.0
4 Jan 2004,0.0
5 Jan 2004,0.0
6 Jan 2004,0.0
7 Jan 2004,0.0
8 Jan 2004,0.0
9 Jan 2004,0.0
10 Jan 2004,0.0
11 Jan 2004,0.0
12 Jan 2004,6.373247
13 Jan 2004,0.0
14 Jan 2004,0.0
15 Jan 2004,0.0
16 Jan 2004,0.0
17 Jan 2004,0.0
18 Jan 2004,0.0
19 Jan 2004,0.0
20 Jan 2004,0.0
21 Jan 2004,0.0
22 Jan 2004,0.0
23 Jan 2004,0.0
24 Jan 2004,0.0
25 Jan 2004,0.0
28 Jan 2004,0.0
29 Jan 2004,0.0
30 Jan 2004,0.0
31 Jan 2004,0.0
1 Feb 2004,0.0
2 Feb 2004,0.0
3 Feb 2004,0.0
4 Feb 2004,0.0
5 Feb 2004,0.0
6 Feb 2004,0.0
7 Feb 2004,0.0
8 Feb 2004,0.0
9 Feb 2004,0.0
10 Feb 2004,0.0
11 Feb 2004,0.0
12 Feb 2004,0.0
13 Feb 2004,0.0
14 Feb 2004,0.0
15 Feb 2004,0.0
16 Feb 2004,0.0
17 Feb 2004,0.0
18 Feb 2004,0.0
19 Feb 2004,0.0
20 Feb 2004,0.0
21 Feb 2004,0.0
22 Feb 2004,0.0
23 Feb 2004,0.0
24 Feb 2004,0.0
25 Feb 2004,0.0
26 Feb 2004,0.0
27 Feb 2004,0.0
28 Feb 2004,0.0
29 Feb 2004,0.0
1 Mar 2004,0.0
2 Mar 2004,0.0
3 Mar 2004,0.0
4 Mar 2004,0.0
5 Mar 2004,0.0
6 Mar 2004,0.0
7 Mar 2004,0.0
8 Mar 2004,0.0
9 Mar 2004,0.0
10 Mar 2004,0.0
11 Mar 2004,0.0
12 Mar 2004,0.0
13 Mar 2004,0.0
14 Mar 2004,0.0
15 Mar 2004,0.0
16 Mar 2004,0.0
17 Mar 2004,0.0
18 Mar 2004,0.0
19 Mar 2004,0.0
20 Mar 2004,0.0
21 Mar 2004,0.0
22 Mar 2004,0.0
23 Mar 2004,0.0
24 Mar 2004,0.0
25 Mar 2004,0.0
26 Mar 2004,0.0
27 Mar 2004,0.0
28 Mar 2004,0.0
29 Mar 2004,0.0
30 Mar 2004,0.0
31 Mar 2004,0.0
1 Apr 2004,2.990239
2 Apr 2004,0.0
3 Apr 2004,0.0
4 Apr 2004,2.40676
5 Apr 2004,0.0
6 Apr 2004,0.0
7 Apr 2004,0.0
8 Apr 2004,0.0
9 Apr 2004,0.0
10 Apr 2004,0.0
11 Apr 2004,0.0
12 Apr 2004,0.0
13 Apr 2004,0.0
14 Apr 2004,0.0
15 Apr 2004,0.0
16 Apr 2004,0.0
17 Apr 2004,0.0
18 Apr 2004,0.0
19 Apr 2004,0.0
20 Apr 2004,0.0
21 Apr 2004,0.0
22 Apr 2004,3.023208
23 Apr 2004,0.0
24 Apr 2004,13.42597
25 Apr 2004,9.946521
26 Apr 2004,0.0
27 Apr 2004,0.0
28 Apr 2004,0.0
29 Apr 2004,0.0
30 Apr 2004,0.0
1 May 2004,0.0
2 May 2004,0.4124056
3 May 2004,0.0
4 May 2004,0.0
5 May 2004,0.0
6 May 2004,0.0
7 May 2004,0.0
8 May 2004,0.0
9 May 2004,0.0
10 May 2004,0.0
11 May 2004,0.0
12 May 2004,0.0
13 May 2004,0.0
14 May 2004,0.0
15 May 2004,0.0
16 May 2004,0.0
17 May 2004,0.0
18 May 2004,0.0
19 May 2004,0.0
20 May 2004,0.0
21 May 2004,0.0
22 May 2004,0.0
23 May 2004,0.0
24 May 2004,0.0
25 May 2004,0.0
26 May 2004,0.0
27 May 2004,0.0
28 May 2004,0.0
29 May 2004,0.0
30 May 2004,0.0
31 May 2004,0.0
1 Jun 2004,0.0
2 Jun 2004,0.0
3 Jun 2004,0.0
4 Jun 2004,0.0
5 Jun 2004,0.0
6 Jun 2004,0.0
7 Jun 2004,0.0
8 Jun 2004,0.0
9 Jun 2004,0.0
10 Jun 2004,0.0
11 Jun 2004,0.0
12 Jun 2004,0.0
13 Jun 2004,0.0
14 Jun 2004,0.0
15 Jun 2004,0.0
16 Jun 2004,0.0
17 Jun 2004,0.0
18 Jun 2004,0.0
19 Jun 2004,0.0
20 Jun 2004,0.0
21 Jun 2004,0.0
22 Jun 2004,0.0
23 Jun 2004,0.0
24 Jun 2004,0.0
25 Jun 2004,0.0
26 Jun 2004,5.05335
27 Jun 2004,0.0
28 Jun 2004,0.0
29 Jun 2004,2.482784
30 Jun 2004,0.0
1 Jul 2004,0.0
2 Jul 2004,0.0
3 Jul 2004,0.0
4 Jul 2004,0.0
5 Jul 2004,0.0
6 Jul 2004,0.0
7 Jul 2004,0.0
8 Jul 2004,0.0
9 Jul 2004,0.0
10 Jul 2004,4.297266
11 Jul 2004,0.0
12 Jul 2004,0.0
13 Jul 2004,4.360389
14 Jul 2004,0.0
15 Jul 2004,13.42623
16 Jul 2004,0.0
17 Jul 2004,0.0
18 Jul 2004,0.0
19 Jul 2004,0.0
20 Jul 2004,7.863275
21 Jul 2004,0.0
22 Jul 2004,0.0
23 Jul 2004,0.0
24 Jul 2004,5.89212
25 Jul 2004,10.80052
26 Jul 2004,0.0
27 Jul 2004,5.657016
28 Jul 2004,0.0
29 Jul 2004,3.515319
30 Jul 2004,8.811551
31 Jul 2004,0.0
1 Aug 2004,4.705066
2 Aug 2004,19.94911
3 Aug 2004,14.90917
4 Aug 2004,0.0
5 Aug 2004,0.0
6 Aug 2004,3.796814
7 Aug 2004,0.0
8 Aug 2004,0.0
9 Aug 2004,0.0
10 Aug 2004,6.258674
11 Aug 2004,0.0
12 Aug 2004,0.0
13 Aug 2004,6.643562
14 Aug 2004,3.956682
15 Aug 2004,22.36719
16 Aug 2004,1.76399
17 Aug 2004,0.0
18 Aug 2004,0.0
19 Aug 2004,8.343436
20 Aug 2004,1.784459
21 Aug 2004,0.0
22 Aug 2004,0.0
23 Aug 2004,0.0
24 Aug 2004,0.0
25 Aug 2004,0.0
26 Aug 2004,0.0
27 Aug 2004,0.0
28 Aug 2004,0.0
29 Aug 2004,0.0
30 Aug 2004,0.0
31 Aug 2004,0.0
1 Sep 2004,0.0
2 Sep 2004,0.0
3 Sep 2004,0.0
4 Sep 2004,0.0
5 Sep 2004,0.0
6 Sep 2004,1.999349
7 Sep 2004,0.0
8 Sep 2004,0.0
9 Sep 2004,0.0
10 Sep 2004,0.0
11 Sep 2004,0.0
12 Sep 2004,7.209826
13 Sep 2004,0.0
14 Sep 2004,0.0
15 Sep 2004,0.0
16 Sep 2004,0.0
17 Sep 2004,0.0
18 Sep 2004,0.0
19 Sep 2004,0.0
20 Sep 2004,0.0
21 Sep 2004,0.0
22 Sep 2004,0.0
23 Sep 2004,0.0
24 Sep 2004,0.0
25 Sep 2004,0.0
26 Sep 2004,0.0
27 Sep 2004,0.0
28 Sep 2004,0.0
29 Sep 2004,0.0
30 Sep 2004,0.0
1 Oct 2004,0.0
2 Oct 2004,0.0
3 Oct 2004,0.0
4 Oct 2004,0.0
5 Oct 2004,0.0
6 Oct 2004,0.0
7 Oct 2004,0.0
8 Oct 2004,0.0
9 Oct 2004,0.0
10 Oct 2004,0.0
11 Oct 2004,0.0
12 Oct 2004,1.227528
13 Oct 2004,0.0
14 Oct 2004,0.0
15 Oct 2004,0.0
16 Oct 2004,0.0
17 Oct 2004,0.0
18 Oct 2004,0.0
19 Oct 2004,0.0
20 Oct 2004,0.0
21 Oct 2004,0.0
22 Oct 2004,0.0
23 Oct 2004,0.0
24 Oct 2004,0.0
25 Oct 2004,0.0
26 Oct 2004,0.0
27 Oct 2004,0.0
28 Oct 2004,0.0
29 Oct 2004,0.0
30 Oct 2004,0.0
31 Oct 2004,0.0
1 Nov 2004,0.0
2 Nov 2004,0.0
3 Nov 2004,0.0
4 Nov 2004,0.0
5 Nov 2004,0.0
6 Nov 2004,0.0
7 Nov 2004,0.0
8 Nov 2004,0.0
9 Nov 2004,0.0
10 Nov 2004,0.0
11 Nov 2004,0.0
12 Nov 2004,0.0
13 Nov 2004,0.0
14 Nov 2004,0.0
15 Nov 2004,0.0
16 Nov 2004,0.0
17 Nov 2004,0.0
18 Nov 2004,0.0
19 Nov 2004,0.0
20 Nov 2004,0.0
21 Nov 2004,0.0
22 Nov 2004,0.0
23 Nov 2004,0.0
24 Nov 2004,0.0
25 Nov 2004,0.0
26 Nov 2004,0.0
27 Nov 2004,0.0
28 Nov 2004,0.0
29 Nov 2004,0.0
30 Nov 2004,0.0
1 Dec 2004,0.0
2 Dec 2004,0.0
3 Dec 2004,0.0
4 Dec 2004,0.0
5 Dec 2004,0.0
6 Dec 2004,0.0
7 Dec 2004,0.0
8 Dec 2004,0.0
9 Dec 2004,0.0
10 Dec 2004,0.0
11 Dec 2004,0.0
12 Dec 2004,0.0
13 Dec 2004,0.0
14 Dec 2004,0.0
15 Dec 2004,0.0
16 Dec 2004,0.0
17 Dec 2004,0.0
18 Dec 2004,0.0
19 Dec 2004,0.0
20 Dec 2004,0.0
21 Dec 2004,0.0
22 Dec 2004,0.0
23 Dec 2004,0.0
24 Dec 2004,0.0
25 Dec 2004,0.0
26 Dec 2004,0.0
27 Dec 2004,0.0
28 Dec 2004,0.0
29 Dec 2004,0.0
30 Dec 2004,0.0
31 Dec 2004,0.0
1 Jan 2005,0.0
2 Jan 2005,0.0
3 Jan 2005,0.0
4 Jan 2005,0.0
5 Jan 2005,0.0
6 Jan 2005,0.0
7 Jan 2005,0.0
8 Jan 2005,0.0
9 Jan 2005,0.0
10 Jan 2005,0.0
11 Jan 2005,0.0
12 Jan 2005,0.0
13 Jan 2005,0.0
14 Jan 2005,0.0
15 Jan 2005,0.0
16 Jan 2005,0.0
17 Jan 2005,0.0
18 Jan 2005,0.0
19 Jan 2005,0.0
20 Jan 2005,0.0
21 Jan 2005,0.0
22 Jan 2005,0.0
23 Jan 2005,0.0
24 Jan 2005,0.0
25 Jan 2005,0.0
26 Jan 2005,0.0
27 Jan 2005,0.0
28 Jan 2005,0.0
29 Jan 2005,0.0
30 Jan 2005,0.0
31 Jan 2005,0.0
1 Feb 2005,0.0
2 Feb 2005,0.0
3 Feb 2005,0.0
4 Feb 2005,0.0
5 Feb 2005,0.0
6 Feb 2005,0.0
7 Feb 2005,0.0
8 Feb 2005,0.0
9 Feb 2005,0.0
10 Feb 2005,0.0
11 Feb 2005,0.0
12 Feb 2005,0.0
13 Feb 2005,0.0
14 Feb 2005,0.0
15 Feb 2005,0.0
16 Feb 2005,0.0
17 Feb 2005,0.0
18 Feb 2005,0.0
19 Feb 2005,0.0
20 Feb 2005,0.0
21 Feb 2005,0.0
22 Feb 2005,0.0
23 Feb 2005,0.0
24 Feb 2005,0.0
25 Feb 2005,0.0
26 Feb 2005,0.0
27 Feb 2005,0.0
28 Feb 2005,0.0
1 Mar 2005,0.0
2 Mar 2005,0.0
3 Mar 2005,0.0
4 Mar 2005,0.0
5 Mar 2005,0.0
6 Mar 2005,0.0
7 Mar 2005,0.0
8 Mar 2005,0.0
9 Mar 2005,0.0
10 Mar 2005,0.0
11 Mar 2005,4.033593
12 Mar 2005,6.364519
13 Mar 2005,17.08536
14 Mar 2005,0.0
15 Mar 2005,0.0
16 Mar 2005,0.0
17 Mar 2005,0.0
18 Mar 2005,0.0
19 Mar 2005,0.0
20 Mar 2005,0.0
21 Mar 2005,0.0
22 Mar 2005,0.0
23 Mar 2005,0.0
24 Mar 2005,0.0
25 Mar 2005,0.0
26 Mar 2005,0.0
27 Mar 2005,0.0
28 Mar 2005,0.0
29 Mar 2005,0.0
30 Mar 2005,0.0
31 Mar 2005,0.0
1 Apr 2005,0.0
2 Apr 2005,0.0
3 Apr 2005,0.0
4 Apr 2005,0.0
5 Apr 2005,0.0
6 Apr 2005,0.0
7 Apr 2005,0.0
8 Apr 2005,0.0
9 Apr 2005,0.0
10 Apr 2005,0.0
11 Apr 2005,0.0
12 Apr 2005,0.0
13 Apr 2005,0.0
14 Apr 2005,0.0
15 Apr 2005,12.71526
16 Apr 2005,0.0
17 Apr 2005,6.364651
19 Apr 2005,0.0
20 Apr 2005,0.0
21 Apr 2005,34.13195
22 Apr 2005,0.0
23 Apr 2005,5.26153
24 Apr 2005,0.0
25 Apr 2005,0.7424765
26 Apr 2005,0.0
27 Apr 2005,0.0
28 Apr 2005,0.0
29 Apr 2005,0.0
30 Apr 2005,0.0
1 May 2005,0.0
2 May 2005,4.255864
3 May 2005,0.0
4 May 2005,0.0
5 May 2005,0.0
6 May 2005,0.0
7 May 2005,0.0
8 May 2005,0.0
9 May 2005,0.0
10 May 2005,0.0
11 May 2005,0.0
12 May 2005,0.0
13 May 2005,0.0
14 May 2005,0.0
15 May 2005,0.0
16 May 2005,0.0
17 May 2005,0.0
18 May 2005,2.265113
19 May 2005,0.0
20 May 2005,1.822225
21 May 2005,3.210393
22 May 2005,1.554873
23 May 2005,0.0
24 May 2005,9.109137
25 May 2005,0.0
26 May 2005,3.186491
27 May 2005,0.0
28 May 2005,0.0
29 May 2005,0.0
30 May 2005,0.0
31 May 2005,0.0
1 Jun 2005,0.0
2 Jun 2005,0.0
3 Jun 2005,0.0
4 Jun 2005,0.0
5 Jun 2005,0.0
6 Jun 2005,0.0
7 Jun 2005,0.0
8 Jun 2005,0.0
9 Jun 2005,0.0
10 Jun 2005,0.0
11 Jun 2005,0.0
12 Jun 2005,0.0
13 Jun 2005,0.0
14 Jun 2005,0.0
15 Jun 2005,0.0
16 Jun 2005,0.0
17 Jun 2005,0.0
18 Jun 2005,0.0
19 Jun 2005,0.0
20 Jun 2005,0.0
21 Jun 2005,0.0
22 Jun 2005,0.0
23 Jun 2005,0.0
24 Jun 2005,0.0
25 Jun 2005,0.0
26 Jun 2005,6.440328
27 Jun 2005,0.0
28 Jun 2005,0.0
29 Jun 2005,5.681447
30 Jun 2005,0.0
1 Jul 2005,0.0
2 Jul 2005,0.0
3 Jul 2005,0.0
4 Jul 2005,0.0
5 Jul 2005,0.0
6 Jul 2005,3.343844
7 Jul 2005,5.592666
8 Jul 2005,0.0
9 Jul 2005,0.0
10 Jul 2005,0.0
11 Jul 2005,0.0
12 Jul 2005,10.03715
13 Jul 2005,0.0
14 Jul 2005,0.0
15 Jul 2005,0.0
16 Jul 2005,0.0
17 Jul 2005,7.000877
18 Jul 2005,10.69301
19 Jul 2005,0.0
20 Jul 2005,11.68072
21 Jul 2005,0.0
22 Jul 2005,7.88982
23 Jul 2005,5.965827
24 Jul 2005,12.22147
25 Jul 2005,5.350558
26 Jul 2005,5.506477
27 Jul 2005,0.0
28 Jul 2005,5.059889
29 Jul 2005,0.0
30 Jul 2005,0.0
31 Jul 2005,0.0
1 Aug 2005,0.0
2 Aug 2005,0.0
3 Aug 2005,0.0
4 Aug 2005,0.0
5 Aug 2005,7.036831
6 Aug 2005,0.0
7 Aug 2005,0.0
8 Aug 2005,0.0
9 Aug 2005,10.4632
10 Aug 2005,12.62665
11 Aug 2005,0.0
12 Aug 2005,5.300276
13 Aug 2005,0.0
14 Aug 2005,2.874528
15 Aug 2005,2.285118
16 Aug 2005,0.0
17 Aug 2005,2.10392
18 Aug 2005,0.0
19 Aug 2005,3.021969
20 Aug 2005,12.90993
21 Aug 2005,4.02348
22 Aug 2005,9.256217
23 Aug 2005,0.0
24 Aug 2005,2.305292
25 Aug 2005,0.0
26 Aug 2005,5.057589
27 Aug 2005,0.0
28 Aug 2005,0.0
29 Aug 2005,9.342484
30 Aug 2005,0.0
31 Aug 2005,3.27221
1 Sep 2005,26.49587
2 Sep 2005,4.270821
3 Sep 2005,0.0
4 Sep 2005,3.199477
5 Sep 2005,6.08557
6 Sep 2005,10.28571
7 Sep 2005,0.0
8 Sep 2005,0.0
9 Sep 2005,0.0
10 Sep 2005,0.0
11 Sep 2005,6.294021
12 Sep 2005,0.0
13 Sep 2005,0.0
14 Sep 2005,0.0
15 Sep 2005,0.0
16 Sep 2005,0.0
17 Sep 2005,0.0
18 Sep 2005,0.0
19 Sep 2005,0.0
20 Sep 2005,0.0
21 Sep 2005,0.0
22 Sep 2005,0.0
23 Sep 2005,0.0
24 Sep 2005,0.0
25 Sep 2005,4.710836
26 Sep 2005,5.743485
27 Sep 2005,0.0
28 Sep 2005,0.0
29 Sep 2005,0.0
30 Sep 2005,0.0
1 Oct 2005,0.0
2 Oct 2005,0.0
3 Oct 2005,0.0
4 Oct 2005,0.0
5 Oct 2005,0.0
6 Oct 2005,0.0
7 Oct 2005,0.0
8 Oct 2005,0.0
9 Oct 2005,0.0
10 Oct 2005,0.0
11 Oct 2005,0.0
12 Oct 2005,0.0
13 Oct 2005,0.0
14 Oct 2005,0.0
15 Oct 2005,0.0
16 Oct 2005,0.0
17 Oct 2005,0.0
18 Oct 2005,0.0
19 Oct 2005,0.0
20 Oct 2005,0.0
21 Oct 2005,0.0
22 Oct 2005,0.0
23 Oct 2005,0.0
24 Oct 2005,0.0
25 Oct 2005,0.0
26 Oct 2005,0.0
27 Oct 2005,0.0
28 Oct 2005,0.0
29 Oct 2005,0.0
30 Oct 2005,0.0
31 Oct 2005,0.0
1 Nov 2005,0.0
2 Nov 2005,0.0
3 Nov 2005,0.0
4 Nov 2005,0.0
5 Nov 2005,0.0
6 Nov 2005,0.0
7 Nov 2005,0.0
8 Nov 2005,0.0
9 Nov 2005,0.0
10 Nov 2005,0.0
11 Nov 2005,0.0
12 Nov 2005,0.0
13 Nov 2005,0.0
14 Nov 2005,0.0
15 Nov 2005,0.0
16 Nov 2005,0.0
17 Nov 2005,0.0
18 Nov 2005,0.0
19 Nov 2005,0.0
20 Nov 2005,7.027702
21 Nov 2005,0.0
22 Nov 2005,0.0
23 Nov 2005,0.0
24 Nov 2005,0.0
25 Nov 2005,0.0
26 Nov 2005,0.0
27 Nov 2005,0.0
28 Nov 2005,0.0
29 Nov 2005,0.0
30 Nov 2005,0.0
1 Dec 2005,0.0
2 Dec 2005,0.0
3 Dec 2005,0.0
4 Dec 2005,0.0
5 Dec 2005,0.0
6 Dec 2005,0.0
7 Dec 2005,0.0
8 Dec 2005,0.0
9 Dec 2005,0.0
10 Dec 2005,0.0
11 Dec 2005,0.0
12 Dec 2005,0.0
13 Dec 2005,0.0
14 Dec 2005,0.0
15 Dec 2005,0.0
16 Dec 2005,0.0
17 Dec 2005,0.0
18 Dec 2005,0.0
19 Dec 2005,0.0
20 Dec 2005,0.0
21 Dec 2005,0.0
22 Dec 2005,0.0
23 Dec 2005,0.0
24 Dec 2005,0.0
25 Dec 2005,0.0
26 Dec 2005,0.0
27 Dec 2005,0.0
28 Dec 2005,0.0
29 Dec 2005,0.0
30 Dec 2005,0.0
31 Dec 2005,0.0
1 Jan 2006,0.0
2 Jan 2006,0.0
3 Jan 2006,0.0
4 Jan 2006,0.0
5 Jan 2006,0.0
6 Jan 2006,0.0
7 Jan 2006,0.0
8 Jan 2006,0.0
9 Jan 2006,0.0
10 Jan 2006,0.0
11 Jan 2006,0.0
12 Jan 2006,0.0
13 Jan 2006,0.0
14 Jan 2006,0.0
15 Jan 2006,0.0
16 Jan 2006,0.0
17 Jan 2006,0.0
18 Jan 2006,0.0
19 Jan 2006,0.0
20 Jan 2006,0.0
21 Jan 2006,0.0
22 Jan 2006,0.0
23 Jan 2006,0.0
24 Jan 2006,0.0
25 Jan 2006,0.0
26 Jan 2006,0.0
27 Jan 2006,0.0
28 Jan 2006,0.0
29 Jan 2006,0.0
30 Jan 2006,0.0
31 Jan 2006,0.0
1 Feb 2006,0.0
2 Feb 2006,0.0
3 Feb 2006,0.0
4 Feb 2006,0.0
5 Feb 2006,0.0
6 Feb 2006,0.0
7 Feb 2006,0.0
8 Feb 2006,0.0
9 Feb 2006,0.0
10 Feb 2006,0.0
11 Feb 2006,0.0
12 Feb 2006,0.0
13 Feb 2006,0.0
14 Feb 2006,0.0
15 Feb 2006,0.0
16 Feb 2006,0.0
17 Feb 2006,0.0
18 Feb 2006,0.0
19 Feb 2006,0.0
20 Feb 2006,0.0
21 Feb 2006,0.0
22 Feb 2006,0.0
23 Feb 2006,0.0
24 Feb 2006,0.0
25 Feb 2006,0.0
26 Feb 2006,0.0
27 Feb 2006,0.0
28 Feb 2006,0.0
1 Mar 2006,0.0
2 Mar 2006,0.0
3 Mar 2006,0.0
4 Mar 2006,0.0
5 Mar 2006,0.0
6 Mar 2006,0.0
7 Mar 2006,0.0
8 Mar 2006,0.0
9 Mar 2006,0.0
10 Mar 2006,7.545876
11 Mar 2006,0.0
12 Mar 2006,0.0
13 Mar 2006,0.0
14 Mar 2006,0.0
15 Mar 2006,0.0
16 Mar 2006,0.0
17 Mar 2006,0.0
18 Mar 2006,0.9461353
19 Mar 2006,0.0
20 Mar 2006,0.0
21 Mar 2006,0.0
22 Mar 2006,0.0
23 Mar 2006,0.4823017
24 Mar 2006,0.0
25 Mar 2006,0.0
26 Mar 2006,0.0
27 Mar 2006,0.0
28 Mar 2006,0.0
29 Mar 2006,0.0
30 Mar 2006,0.0
31 Mar 2006,0.0
1 Apr 2006,0.0
2 Apr 2006,0.0
3 Apr 2006,0.0
4 Apr 2006,0.0
5 Apr 2006,0.0
6 Apr 2006,1.128471
7 Apr 2006,0.0
8 Apr 2006,71.2605
9 Apr 2006,0.0
10 Apr 2006,6.979122
11 Apr 2006,0.0
12 Apr 2006,0.0
13 Apr 2006,0.0
14 Apr 2006,0.0
15 Apr 2006,0.0
16 Apr 2006,0.0
17 Apr 2006,0.0
18 Apr 2006,0.0
19 Apr 2006,0.0
20 Apr 2006,0.0
21 Apr 2006,0.0
22 Apr 2006,0.0
23 Apr 2006,0.0
24 Apr 2006,0.2147041
25 Apr 2006,0.0
26 Apr 2006,0.0
27 Apr 2006,1.401096
28 Apr 2006,0.0
29 Apr 2006,0.0
30 Apr 2006,0.0
1 May 2006,0.0
2 May 2006,9.421899
3 May 2006,0.0
4 May 2006,0.814409
5 May 2006,0.0
6 May 2006,0.0
7 May 2006,0.0
8 May 2006,0.0
9 May 2006,0.0
10 May 2006,0.0
11 May 2006,0.0
12 May 2006,0.0
13 May 2006,0.0
14 May 2006,0.0
15 May 2006,0.0
16 May 2006,0.0
17 May 2006,0.0
18 May 2006,0.0
19 May 2006,0.0
20 May 2006,0.0
21 May 2006,0.0
22 May 2006,0.0
23 May 2006,0.0
24 May 2006,0.0
25 May 2006,6.40395
26 May 2006,0.0
27 May 2006,0.0
28 May 2006,0.0
29 May 2006,0.0
30 May 2006,0.0
31 May 2006,0.0
1 Jun 2006,0.0
2 Jun 2006,0.0
3 Jun 2006,0.0
4 Jun 2006,0.0
5 Jun 2006,0.0
6 Jun 2006,0.0
7 Jun 2006,0.0
8 Jun 2006,0.0
9 Jun 2006,0.0
10 Jun 2006,0.0
11 Jun 2006,3.534293
12 Jun 2006,0.0
13 Jun 2006,0.0
14 Jun 2006,0.0
15 Jun 2006,0.0
16 Jun 2006,0.0
17 Jun 2006,0.0
18 Jun 2006,0.0
19 Jun 2006,0.0
20 Jun 2006,0.0
21 Jun 2006,0.0
22 Jun 2006,9.899971
23 Jun 2006,0.0
24 Jun 2006,2.439032
25 Jun 2006,3.397883
26 Jun 2006,0.0
27 Jun 2006,2.033927
28 Jun 2006,0.0
29 Jun 2006,19.55278
30 Jun 2006,5.64641
1 Jul 2006,0.0
2 Jul 2006,0.0
3 Jul 2006,0.0
4 Jul 2006,0.6172382
5 Jul 2006,0.8022901
6 Jul 2006,0.4754687
7 Jul 2006,0.0
8 Jul 2006,0.0
9 Jul 2006,0.0
10 Jul 2006,0.0
11 Jul 2006,0.8341866
12 Jul 2006,0.0
13 Jul 2006,0.0
14 Jul 2006,0.0
15 Jul 2006,0.0
16 Jul 2006,0.0
17 Jul 2006,0.0
18 Jul 2006,0.0
19 Jul 2006,14.48702
20 Jul 2006,0.0
21 Jul 2006,3.059447
22 Jul 2006,25.08603
23 Jul 2006,0.0
24 Jul 2006,0.0
25 Jul 2006,8.454315
26 Jul 2006,3.831928
27 Jul 2006,18.3099
28 Jul 2006,0.0
29 Jul 2006,0.0
30 Jul 2006,9.519492
31 Jul 2006,38.30362
1 Aug 2006,30.77688
2 Aug 2006,0.0
3 Aug 2006,4.780376
4 Aug 2006,0.0
5 Aug 2006,0.0
6 Aug 2006,1.950487
7 Aug 2006,0.0
8 Aug 2006,20.74169
9 Aug 2006,2.940556
10 Aug 2006,18.44068
11 Aug 2006,2.954
12 Aug 2006,3.430614
13 Aug 2006,11.36258
14 Aug 2006,0.0
15 Aug 2006,1.801482
16 Aug 2006,7.894911
17 Aug 2006,2.805286
18 Aug 2006,0.0
19 Aug 2006,31.97942
20 Aug 2006,0.0
21 Aug 2006,1.858897
22 Aug 2006,8.600802
23 Aug 2006,7.046264
24 Aug 2006,0.0
25 Aug 2006,11.19821
26 Aug 2006,19.6282
27 Aug 2006,2.315301
28 Aug 2006,0.0
29 Aug 2006,0.0
30 Aug 2006,37.15239
31 Aug 2006,6.394304
1 Sep 2006,0.0
2 Sep 2006,12.83245
3 Sep 2006,2.602047
4 Sep 2006,11.15828
5 Sep 2006,11.86556
6 Sep 2006,10.51428
7 Sep 2006,5.115587
8 Sep 2006,0.0
9 Sep 2006,0.0
10 Sep 2006,0.0
11 Sep 2006,0.0
12 Sep 2006,0.0
13 Sep 2006,0.0
14 Sep 2006,0.0
15 Sep 2006,0.0
16 Sep 2006,0.0
17 Sep 2006,0.0
18 Sep 2006,0.0
19 Sep 2006,0.0
20 Sep 2006,0.0
21 Sep 2006,0.0
22 Sep 2006,0.4869713
23 Sep 2006,1.088472
24 Sep 2006,0.0
25 Sep 2006,0.0
26 Sep 2006,0.0
27 Sep 2006,0.0
28 Sep 2006,0.0
29 Sep 2006,0.0
30 Sep 2006,0.0
1 Oct 2006,0.0
2 Oct 2006,0.0
3 Oct 2006,0.0
4 Oct 2006,0.0
5 Oct 2006,0.0
6 Oct 2006,0.0
7 Oct 2006,0.0
8 Oct 2006,3.944056
9 Oct 2006,0.0
10 Oct 2006,0.0
11 Oct 2006,0.0
12 Oct 2006,0.0
13 Oct 2006,0.0
14 Oct 2006,0.0
15 Oct 2006,0.0
16 Oct 2006,0.0
17 Oct 2006,0.0
18 Oct 2006,0.0
19 Oct 2006,0.0
20 Oct 2006,0.0
21 Oct 2006,0.0
22 Oct 2006,0.0
23 Oct 2006,0.0
24 Oct 2006,0.0
25 Oct 2006,0.0
26 Oct 2006,0.0
27 Oct 2006,0.0
28 Oct 2006,8.891725
29 Oct 2006,0.0
30 Oct 2006,0.0
31 Oct 2006,0.0
1 Nov 2006,0.0
2 Nov 2006,0.0
3 Nov 2006,0.0
4 Nov 2006,0.0
5 Nov 2006,0.0
6 Nov 2006,0.0
7 Nov 2006,0.0
8 Nov 2006,0.0
9 Nov 2006,0.0
10 Nov 2006,0.0
11 Nov 2006,0.0
12 Nov 2006,0.0
13 Nov 2006,0.0
14 Nov 2006,0.0
15 Nov 2006,0.0
16 Nov 2006,0.0
17 Nov 2006,0.0
18 Nov 2006,0.0
19 Nov 2006,0.0
20 Nov 2006,0.0
21 Nov 2006,0.0
22 Nov 2006,0.0
23 Nov 2006,0.0
24 Nov 2006,0.0
25 Nov 2006,0.0
26 Nov 2006,0.0
27 Nov 2006,0.0
28 Nov 2006,0.0
29 Nov 2006,0.0
30 Nov 2006,0.0
1 Dec 2006,0.0
2 Dec 2006,0.0
3 Dec 2006,0.0
4 Dec 2006,0.0
5 Dec 2006,0.0
6 Dec 2006,0.0
7 Dec 2006,0.0
8 Dec 2006,0.0
9 Dec 2006,0.0
10 Dec 2006,0.0
11 Dec 2006,0.0
12 Dec 2006,0.0
13 Dec 2006,0.0
14 Dec 2006,0.0
15 Dec 2006,0.0
16 Dec 2006,0.0
17 Dec 2006,0.0
18 Dec 2006,0.0
19 Dec 2006,0.0
20 Dec 2006,0.0
21 Dec 2006,0.0
22 Dec 2006,0.0
23 Dec 2006,0.0
24 Dec 2006,0.0
25 Dec 2006,0.0
26 Dec 2006,0.0
27 Dec 2006,0.0
28 Dec 2006,0.0
29 Dec 2006,0.0
30 Dec 2006,0.0
31 Dec 2006,0.0
1 Jan 2007,0.0
2 Jan 2007,0.0
3 Jan 2007,0.0
4 Jan 2007,0.0
5 Jan 2007,0.0
6 Jan 2007,0.0
7 Jan 2007,0.0
8 Jan 2007,0.0
9 Jan 2007,0.0
10 Jan 2007,0.0
11 Jan 2007,0.0
12 Jan 2007,0.0
13 Jan 2007,0.0
14 Jan 2007,0.0
15 Jan 2007,0.0
16 Jan 2007,0.7000971
17 Jan 2007,0.0
18 Jan 2007,0.0
19 Jan 2007,0.0
20 Jan 2007,0.0
21 Jan 2007,0.0
22 Jan 2007,0.0
23 Jan 2007,0.0
24 Jan 2007,0.0
25 Jan 2007,0.0
26 Jan 2007,0.0
27 Jan 2007,0.0
28 Jan 2007,0.0
29 Jan 2007,0.0
30 Jan 2007,0.0
31 Jan 2007,0.0
1 Feb 2007,0.0
2 Feb 2007,0.0
3 Feb 2007,0.0
4 Feb 2007,0.0
5 Feb 2007,0.0
6 Feb 2007,0.0
7 Feb 2007,0.0
8 Feb 2007,0.0
9 Feb 2007,0.0
10 Feb 2007,0.0
11 Feb 2007,0.0
12 Feb 2007,0.0
13 Feb 2007,0.0
14 Feb 2007,0.0
15 Feb 2007,0.0
16 Feb 2007,0.0
17 Feb 2007,0.0
18 Feb 2007,0.6663983
19 Feb 2007,0.0
20 Feb 2007,0.0
21 Feb 2007,0.0
22 Feb 2007,0.0
23 Feb 2007,0.0
24 Feb 2007,0.0
25 Feb 2007,0.0
26 Feb 2007,0.0
27 Feb 2007,0.0
28 Feb 2007,0.0
1 Mar 2007,0.0
2 Mar 2007,0.0
3 Mar 2007,0.0
4 Mar 2007,0.0
5 Mar 2007,0.0
6 Mar 2007,0.0
7 Mar 2007,0.0
8 Mar 2007,0.0
9 Mar 2007,0.0
10 Mar 2007,0.0
11 Mar 2007,0.0
12 Mar 2007,0.0
13 Mar 2007,0.0
14 Mar 2007,0.0
15 Mar 2007,0.0
16 Mar 2007,0.0
17 Mar 2007,0.0
18 Mar 2007,0.0
19 Mar 2007,0.0
20 Mar 2007,0.0
21 Mar 2007,0.0
22 Mar 2007,0.0
23 Mar 2007,0.0
24 Mar 2007,0.0
25 Mar 2007,4.959197
26 Mar 2007,3.033687
27 Mar 2007,14.72394
28 Mar 2007,0.0
29 Mar 2007,0.0
30 Mar 2007,0.0
31 Mar 2007,0.0
1 Apr 2007,0.0
2 Apr 2007,0.0
3 Apr 2007,0.0
4 Apr 2007,0.0
5 Apr 2007,5.022853
6 Apr 2007,0.0
7 Apr 2007,0.0
8 Apr 2007,0.0
9 Apr 2007,0.0
10 Apr 2007,0.0
11 Apr 2007,0.0
12 Apr 2007,0.0
13 Apr 2007,0.0
14 Apr 2007,0.0
15 Apr 2007,0.0
16 Apr 2007,0.0
17 Apr 2007,0.0
18 Apr 2007,4.350944
19 Apr 2007,0.0
20 Apr 2007,0.0
21 Apr 2007,0.4271398
22 Apr 2007,0.0
23 Apr 2007,0.0
24 Apr 2007,0.0
25 Apr 2007,0.0
26 Apr 2007,0.0
27 Apr 2007,2.714729
28 Apr 2007,0.0
29 Apr 2007,0.0
30 Apr 2007,0.0
1 May 2007,0.0
2 May 2007,0.0
3 May 2007,0.0
4 May 2007,0.0
5 May 2007,0.0
6 May 2007,0.0
7 May 2007,0.0
8 May 2007,2.076816
9 May 2007,0.0
10 May 2007,0.0
11 May 2007,0.0
12 May 2007,0.0
13 May 2007,3.632021
14 May 2007,1.532232
15 May 2007,11.44318
16 May 2007,0.0
17 May 2007,0.0
18 May 2007,0.0
19 May 2007,0.0
20 May 2007,0.0
21 May 2007,0.0
22 May 2007,0.0
23 May 2007,0.0
24 May 2007,0.0
25 May 2007,0.0
26 May 2007,0.0
27 May 2007,0.0
28 May 2007,0.0
29 May 2007,0.0
30 May 2007,0.0
31 May 2007,0.0
1 Jun 2007,0.0
2 Jun 2007,0.0
3 Jun 2007,0.0
4 Jun 2007,0.0
5 Jun 2007,0.0
6 Jun 2007,0.0
7 Jun 2007,0.0
8 Jun 2007,0.0
9 Jun 2007,0.0
10 Jun 2007,0.0
11 Jun 2007,0.0
12 Jun 2007,0.0
13 Jun 2007,0.0
14 Jun 2007,0.0
15 Jun 2007,0.0
16 Jun 2007,0.0
17 Jun 2007,0.0
18 Jun 2007,0.0
19 Jun 2007,0.0
20 Jun 2007,0.0
21 Jun 2007,0.0
22 Jun 2007,0.0
23 Jun 2007,0.0
24 Jun 2007,0.0
25 Jun 2007,0.0
26 Jun 2007,0.0
27 Jun 2007,0.0
28 Jun 2007,0.0
29 Jun 2007,0.0
30 Jun 2007,0.0
1 Jul 2007,0.0
2 Jul 2007,0.0
3 Jul 2007,0.0
4 Jul 2007,15.19402
5 Jul 2007,8.474099
6 Jul 2007,6.673906
7 Jul 2007,0.0
8 Jul 2007,0.0
9 Jul 2007,12.97392
10 Jul 2007,0.0
11 Jul 2007,7.092245
12 Jul 2007,24.09962
13 Jul 2007,11.17697
14 Jul 2007,2.657619
15 Jul 2007,5.63723
16 Jul 2007,5.133352
17 Jul 2007,13.5306
18 Jul 2007,3.671248
19 Jul 2007,0.0
20 Jul 2007,0.0
21 Jul 2007,0.0
22 Jul 2007,0.0
23 Jul 2007,7.108768
24 Jul 2007,16.48167
25 Jul 2007,0.0
26 Jul 2007,0.0
27 Jul 2007,0.0
28 Jul 2007,8.170723
29 Jul 2007,17.49717
30 Jul 2007,62.83264
31 Jul 2007,10.37284
1 Aug 2007,8.043859
2 Aug 2007,10.85876
3 Aug 2007,0.0
4 Aug 2007,7.268641
5 Aug 2007,13.39744
6 Aug 2007,2.935469
7 Aug 2007,7.232226
8 Aug 2007,0.0
9 Aug 2007,0.0
10 Aug 2007,0.0
11 Aug 2007,0.0
12 Aug 2007,74.42558
13 Aug 2007,46.40561
14 Aug 2007,0.0
15 Aug 2007,3.214376
16 Aug 2007,0.0
17 Aug 2007,0.0
18 Aug 2007,0.0
19 Aug 2007,16.19621
20 Aug 2007,5.649239
21 Aug 2007,4.43763
22 Aug 2007,0.0
23 Aug 2007,0.0
24 Aug 2007,0.0
25 Aug 2007,0.0
26 Aug 2007,0.0
27 Aug 2007,5.164997
28 Aug 2007,0.0
29 Aug 2007,2.438515
30 Aug 2007,4.593373
31 Aug 2007,6.75658
1 Sep 2007,0.0
2 Sep 2007,8.077825
3 Sep 2007,17.33442
4 Sep 2007,7.810408
5 Sep 2007,3.07075
6 Sep 2007,21.29636
7 Sep 2007,12.54418
8 Sep 2007,8.310155
9 Sep 2007,7.385379
10 Sep 2007,0.0
11 Sep 2007,0.0
12 Sep 2007,3.166978
13 Sep 2007,0.0
14 Sep 2007,0.0
15 Sep 2007,4.450481
16 Sep 2007,0.0
17 Sep 2007,0.0
18 Sep 2007,0.0
19 Sep 2007,0.0
20 Sep 2007,0.0
21 Sep 2007,0.0
22 Sep 2007,0.0
23 Sep 2007,0.0
24 Sep 2007,0.0
25 Sep 2007,0.0
26 Sep 2007,0.0
27 Sep 2007,0.0
28 Sep 2007,0.0
29 Sep 2007,0.0
30 Sep 2007,0.0
1 Oct 2007,0.0
2 Oct 2007,0.0
3 Oct 2007,0.0
4 Oct 2007,0.0
5 Oct 2007,0.0
6 Oct 2007,0.0
7 Oct 2007,0.0
8 Oct 2007,0.0
9 Oct 2007,0.0
10 Oct 2007,0.0
11 Oct 2007,0.0
12 Oct 2007,0.0
13 Oct 2007,0.0
14 Oct 2007,0.0
15 Oct 2007,0.0
16 Oct 2007,0.0
17 Oct 2007,0.0
18 Oct 2007,0.0
19 Oct 2007,0.0
20 Oct 2007,0.0
21 Oct 2007,0.0
22 Oct 2007,0.0
23 Oct 2007,0.0
24 Oct 2007,0.0
25 Oct 2007,0.0
26 Oct 2007,0.0
27 Oct 2007,0.0
28 Oct 2007,0.0
29 Oct 2007,0.0
30 Oct 2007,0.0
31 Oct 2007,0.0
1 Nov 2007,0.0
2 Nov 2007,0.0
3 Nov 2007,0.0
4 Nov 2007,0.0
5 Nov 2007,0.0
6 Nov 2007,0.0
7 Nov 2007,0.0
8 Nov 2007,0.0
9 Nov 2007,0.0
10 Nov 2007,0.0
11 Nov 2007,0.0
12 Nov 2007,0.0
13 Nov 2007,0.0
14 Nov 2007,0.0
15 Nov 2007,0.0
16 Nov 2007,0.0
17 Nov 2007,0.0
18 Nov 2007,0.0
19 Nov 2007,0.0
20 Nov 2007,0.0
21 Nov 2007,0.0
22 Nov 2007,0.0
23 Nov 2007,0.0
24 Nov 2007,0.0
25 Nov 2007,0.0
26 Nov 2007,0.0
27 Nov 2007,0.2361716
28 Nov 2007,0.0
29 Nov 2007,0.0
30 Nov 2007,0.0
1 Dec 2007,0.0
2 Dec 2007,0.0
3 Dec 2007,0.0
4 Dec 2007,0.0
5 Dec 2007,0.0
6 Dec 2007,0.0
7 Dec 2007,0.0
8 Dec 2007,0.0
9 Dec 2007,0.0
10 Dec 2007,0.0
11 Dec 2007,0.0
12 Dec 2007,0.0
13 Dec 2007,0.0
14 Dec 2007,0.0
15 Dec 2007,0.0
16 Dec 2007,0.0
17 Dec 2007,0.0
18 Dec 2007,0.0
19 Dec 2007,0.0
20 Dec 2007,0.0
21 Dec 2007,0.0
22 Dec 2007,0.0
23 Dec 2007,0.0
24 Dec 2007,0.0
25 Dec 2007,0.0
26 Dec 2007,0.0
27 Dec 2007,0.0
28 Dec 2007,0.0
29 Dec 2007,0.0
30 Dec 2007,0.0
31 Dec 2007,0.0
1 Jan 2008,0.0
2 Jan 2008,0.0
3 Jan 2008,0.0
4 Jan 2008,0.0
5 Jan 2008,0.0
6 Jan 2008,0.0
7 Jan 2008,0.0
8 Jan 2008,0.0
9 Jan 2008,0.0
10 Jan 2008,0.0
11 Jan 2008,0.0
12 Jan 2008,0.0
13 Jan 2008,0.0
14 Jan 2008,0.0
15 Jan 2008,0.0
16 Jan 2008,0.0
17 Jan 2008,0.0
18 Jan 2008,0.0
19 Jan 2008,0.0
20 Jan 2008,0.0
21 Jan 2008,0.0
22 Jan 2008,0.0
23 Jan 2008,0.0
24 Jan 2008,0.0
25 Jan 2008,0.0
26 Jan 2008,0.0
27 Jan 2008,0.0
28 Jan 2008,0.0
29 Jan 2008,0.0
30 Jan 2008,0.0
31 Jan 2008,0.0
1 Feb 2008,0.0
2 Feb 2008,0.0
3 Feb 2008,0.0
4 Feb 2008,0.0
5 Feb 2008,0.0
6 Feb 2008,0.0
7 Feb 2008,0.0
8 Feb 2008,0.0
9 Feb 2008,0.0
10 Feb 2008,0.0
11 Feb 2008,0.0
12 Feb 2008,0.0
13 Feb 2008,0.0
14 Feb 2008,0.0
15 Feb 2008,0.0
16 Feb 2008,0.0
17 Feb 2008,0.0
18 Feb 2008,0.0
19 Feb 2008,0.0
20 Feb 2008,0.0
21 Feb 2008,0.0
22 Feb 2008,0.0
23 Feb 2008,0.0
24 Feb 2008,0.0
25 Feb 2008,0.0
26 Feb 2008,0.0
27 Feb 2008,0.0
28 Feb 2008,0.0
29 Feb 2008,0.0
1 Mar 2008,0.0
2 Mar 2008,0.0
3 Mar 2008,0.0
4 Mar 2008,0.0
5 Mar 2008,0.0
6 Mar 2008,0.0
7 Mar 2008,0.0
8 Mar 2008,0.0
9 Mar 2008,0.0
10 Mar 2008,0.0
11 Mar 2008,0.0
12 Mar 2008,0.0
13 Mar 2008,0.0
14 Mar 2008,0.0
15 Mar 2008,0.0
16 Mar 2008,0.0
17 Mar 2008,0.0
18 Mar 2008,0.0
19 Mar 2008,0.0
20 Mar 2008,0.0
21 Mar 2008,0.0
22 Mar 2008,0.0
23 Mar 2008,0.0
24 Mar 2008,0.0
25 Mar 2008,0.0
26 Mar 2008,0.0
27 Mar 2008,0.0
28 Mar 2008,0.0
29 Mar 2008,0.0
30 Mar 2008,0.0
31 Mar 2008,0.0
1 Apr 2008,0.0
2 Apr 2008,0.0
3 Apr 2008,0.0
4 Apr 2008,0.0
5 Apr 2008,0.0
6 Apr 2008,0.0
7 Apr 2008,0.0
8 Apr 2008,0.0
9 Apr 2008,4.036967
10 Apr 2008,12.59577
11 Apr 2008,6.599757
12 Apr 2008,0.0
13 Apr 2008,0.0
14 Apr 2008,0.0
15 Apr 2008,0.0
16 Apr 2008,0.0
17 Apr 2008,0.0
18 Apr 2008,0.0
19 Apr 2008,0.0
20 Apr 2008,0.0
21 Apr 2008,0.0
22 Apr 2008,0.0
23 Apr 2008,0.0
24 Apr 2008,0.0
25 Apr 2008,0.0
26 Apr 2008,0.0
27 Apr 2008,0.0
28 Apr 2008,0.0
29 Apr 2008,0.0
30 Apr 2008,47.05751
1 May 2008,11.96869
2 May 2008,0.0
3 May 2008,0.0
4 May 2008,0.0
5 May 2008,3.924489
6 May 2008,2.066997
7 May 2008,0.0
8 May 2008,0.0
9 May 2008,0.0
10 May 2008,0.0
11 May 2008,0.0
12 May 2008,2.247649
13 May 2008,0.0
14 May 2008,0.0
15 May 2008,0.0
16 May 2008,0.0
17 May 2008,0.0
18 May 2008,0.0
19 May 2008,0.0
20 May 2008,0.0
21 May 2008,0.0
22 May 2008,0.0
23 May 2008,0.0
24 May 2008,0.0
25 May 2008,0.0
26 May 2008,0.0
27 May 2008,0.0
28 May 2008,0.0
29 May 2008,0.0
30 May 2008,0.0
31 May 2008,0.0
1 Jun 2008,0.0
2 Jun 2008,0.0
3 Jun 2008,0.0
4 Jun 2008,0.0
5 Jun 2008,0.0
6 Jun 2008,0.0
7 Jun 2008,0.0
8 Jun 2008,0.0
9 Jun 2008,0.0
10 Jun 2008,0.0
11 Jun 2008,2.566662
12 Jun 2008,0.0
13 Jun 2008,0.0
14 Jun 2008,0.0
15 Jun 2008,0.0
16 Jun 2008,0.0
17 Jun 2008,0.0
18 Jun 2008,7.849601
19 Jun 2008,0.0
20 Jun 2008,0.0
21 Jun 2008,0.0
22 Jun 2008,0.0
23 Jun 2008,0.0
24 Jun 2008,0.0
25 Jun 2008,0.0
26 Jun 2008,0.0
27 Jun 2008,0.0
28 Jun 2008,0.0
29 Jun 2008,0.0
30 Jun 2008,0.0
1 Jul 2008,3.394107
2 Jul 2008,0.0
3 Jul 2008,0.0
4 Jul 2008,0.0
5 Jul 2008,0.0
6 Jul 2008,0.0
7 Jul 2008,0.0
8 Jul 2008,5.514484
9 Jul 2008,0.0
10 Jul 2008,2.909238
11 Jul 2008,2.598443
12 Jul 2008,23.10993
13 Jul 2008,0.0
14 Jul 2008,0.0
15 Jul 2008,0.0
16 Jul 2008,0.0
17 Jul 2008,2.644653
18 Jul 2008,0.0
19 Jul 2008,0.0
20 Jul 2008,0.0
21 Jul 2008,0.0
22 Jul 2008,0.0
23 Jul 2008,6.647108
24 Jul 2008,7.311798
25 Jul 2008,6.146429
26 Jul 2008,10.37841
27 Jul 2008,0.0
28 Jul 2008,0.0
29 Jul 2008,6.883946
30 Jul 2008,0.0
31 Jul 2008,0.0
1 Aug 2008,0.0
2 Aug 2008,0.0
3 Aug 2008,0.0
4 Aug 2008,0.0
5 Aug 2008,21.05011
6 Aug 2008,2.03356
7 Aug 2008,3.090586
8 Aug 2008,5.910146
9 Aug 2008,9.063963
10 Aug 2008,3.808134
11 Aug 2008,0.0
12 Aug 2008,0.0
13 Aug 2008,0.0
14 Aug 2008,5.931564
15 Aug 2008,11.40128
16 Aug 2008,0.0
17 Aug 2008,7.592491
18 Aug 2008,0.0
19 Aug 2008,0.0
20 Aug 2008,0.0
21 Aug 2008,0.0
22 Aug 2008,0.0
23 Aug 2008,0.0
24 Aug 2008,0.0
25 Aug 2008,0.0
26 Aug 2008,0.0
27 Aug 2008,0.0
28 Aug 2008,1.804438
29 Aug 2008,0.0
30 Aug 2008,0.0
31 Aug 2008,0.0
1 Sep 2008,0.0
2 Sep 2008,3.539318
3 Sep 2008,17.32496
4 Sep 2008,10.25482
5 Sep 2008,0.7948681
6 Sep 2008,4.466496
7 Sep 2008,6.763288
8 Sep 2008,12.29386
9 Sep 2008,1.058581
10 Sep 2008,0.0
11 Sep 2008,0.0
12 Sep 2008,2.604653
13 Sep 2008,0.0
14 Sep 2008,1.150584
15 Sep 2008,0.0
16 Sep 2008,0.0
17 Sep 2008,0.0
18 Sep 2008,3.064813
19 Sep 2008,0.0
20 Sep 2008,0.0
21 Sep 2008,0.0
22 Sep 2008,0.0
23 Sep 2008,0.0
24 Sep 2008,0.0
25 Sep 2008,0.0
26 Sep 2008,0.0
27 Sep 2008,0.0
28 Sep 2008,0.0
29 Sep 2008,1.83673
30 Sep 2008,0.0
1 Oct 2008,0.0
2 Oct 2008,0.0
3 Oct 2008,0.0
4 Oct 2008,0.0
5 Oct 2008,0.0
6 Oct 2008,0.0
7 Oct 2008,0.0
8 Oct 2008,0.0
9 Oct 2008,0.0
10 Oct 2008,0.0
11 Oct 2008,0.0
12 Oct 2008,0.0
13 Oct 2008,0.0
14 Oct 2008,0.0
15 Oct 2008,0.0
16 Oct 2008,0.0
17 Oct 2008,0.0
18 Oct 2008,0.0
19 Oct 2008,0.0
20 Oct 2008,0.0
21 Oct 2008,0.0
22 Oct 2008,0.0
23 Oct 2008,0.0
24 Oct 2008,0.0
25 Oct 2008,0.3123281
26 Oct 2008,0.7778673
27 Oct 2008,0.0
28 Oct 2008,0.0
29 Oct 2008,2.038288
30 Oct 2008,0.0
31 Oct 2008,3.239589
1 Nov 2008,0.0
2 Nov 2008,1.215133
3 Nov 2008,0.4175784
4 Nov 2008,0.0
5 Nov 2008,0.0
6 Nov 2008,0.0
7 Nov 2008,0.0
8 Nov 2008,0.0
9 Nov 2008,0.0
10 Nov 2008,0.0
11 Nov 2008,0.0
12 Nov 2008,0.0
13 Nov 2008,0.0
14 Nov 2008,0.0
15 Nov 2008,0.0
16 Nov 2008,0.0
17 Nov 2008,0.0
18 Nov 2008,0.0
19 Nov 2008,0.0
20 Nov 2008,0.0
21 Nov 2008,0.0
22 Nov 2008,0.0
23 Nov 2008,0.0
24 Nov 2008,0.0
25 Nov 2008,0.0
26 Nov 2008,0.0
27 Nov 2008,0.0
28 Nov 2008,0.0
29 Nov 2008,0.0
30 Nov 2008,0.0
1 Dec 2008,0.0
2 Dec 2008,0.0
3 Dec 2008,0.0
4 Dec 2008,0.0
5 Dec 2008,0.0
6 Dec 2008,0.0
7 Dec 2008,0.0
8 Dec 2008,0.0
9 Dec 2008,0.0
10 Dec 2008,0.0
11 Dec 2008,0.0
12 Dec 2008,0.0
13 Dec 2008,0.0
14 Dec 2008,0.0
15 Dec 2008,0.0
16 Dec 2008,0.0
17 Dec 2008,0.0
18 Dec 2008,0.0
19 Dec 2008,0.0
20 Dec 2008,0.0
21 Dec 2008,0.0
22 Dec 2008,0.0
23 Dec 2008,0.0
24 Dec 2008,0.0
25 Dec 2008,0.0
26 Dec 2008,0.0
27 Dec 2008,0.0
28 Dec 2008,0.0
29 Dec 2008,0.0
30 Dec 2008,0.0
31 Dec 2008,0.0
1 Jan 2009,0.0
2 Jan 2009,0.0
3 Jan 2009,0.0
4 Jan 2009,0.0
5 Jan 2009,0.0
6 Jan 2009,0.0
7 Jan 2009,0.0
8 Jan 2009,0.0
9 Jan 2009,0.0
10 Jan 2009,0.0
11 Jan 2009,0.0
12 Jan 2009,0.0
13 Jan 2009,0.0
14 Jan 2009,0.0
15 Jan 2009,0.0
16 Jan 2009,0.0
17 Jan 2009,0.0
18 Jan 2009,0.0
19 Jan 2009,0.0
20 Jan 2009,0.0
21 Jan 2009,0.0
22 Jan 2009,0.0
23 Jan 2009,0.0
24 Jan 2009,0.0
25 Jan 2009,0.0
26 Jan 2009,0.0
27 Jan 2009,0.0
28 Jan 2009,0.0
29 Jan 2009,0.0
30 Jan 2009,0.0
31 Jan 2009,0.0
1 Feb 2009,0.0
2 Feb 2009,0.0
3 Feb 2009,0.0
4 Feb 2009,0.0
5 Feb 2009,0.0
6 Feb 2009,0.0
7 Feb 2009,0.0
8 Feb 2009,0.0
9 Feb 2009,0.0
10 Feb 2009,0.0
11 Feb 2009,0.0
12 Feb 2009,0.0
13 Feb 2009,0.0
14 Feb 2009,0.0
15 Feb 2009,0.0
16 Feb 2009,0.0
17 Feb 2009,0.0
18 Feb 2009,0.0
19 Feb 2009,0.0
20 Feb 2009,0.0
21 Feb 2009,0.0
22 Feb 2009,0.0
23 Feb 2009,0.0
24 Feb 2009,0.0
25 Feb 2009,0.0
26 Feb 2009,0.0
27 Feb 2009,0.0
28 Feb 2009,2.719656
1 Mar 2009,0.0
2 Mar 2009,7.461588
3 Mar 2009,0.0
4 Mar 2009,0.0
5 Mar 2009,0.2827477
6 Mar 2009,0.0
7 Mar 2009,0.0
8 Mar 2009,0.0
9 Mar 2009,0.0
10 Mar 2009,0.0
11 Mar 2009,0.0
12 Mar 2009,0.0
13 Mar 2009,0.0
14 Mar 2009,0.0
15 Mar 2009,0.0
16 Mar 2009,0.0
17 Mar 2009,0.0
18 Mar 2009,0.0
19 Mar 2009,0.0
20 Mar 2009,0.0
21 Mar 2009,0.0
22 Mar 2009,0.0
23 Mar 2009,0.0
24 Mar 2009,0.0
25 Mar 2009,0.0
26 Mar 2009,6.895976
27 Mar 2009,0.0
28 Mar 2009,0.0
29 Mar 2009,0.0
30 Mar 2009,2.085432
31 Mar 2009,0.0
1 Apr 2009,0.0
2 Apr 2009,0.0
3 Apr 2009,0.0
4 Apr 2009,0.0
5 Apr 2009,0.0
6 Apr 2009,0.0
7 Apr 2009,0.0
8 Apr 2009,0.0
9 Apr 2009,0.0
10 Apr 2009,0.0
11 Apr 2009,0.0
12 Apr 2009,0.0
13 Apr 2009,0.0
14 Apr 2009,0.0
15 Apr 2009,0.0
16 Apr 2009,0.0
17 Apr 2009,0.0
18 Apr 2009,0.0
19 Apr 2009,0.0
20 Apr 2009,0.0
21 Apr 2009,0.0
22 Apr 2009,0.0
23 Apr 2009,0.0
24 Apr 2009,0.0
25 Apr 2009,0.0
26 Apr 2009,0.0
27 Apr 2009,0.0
28 Apr 2009,0.0
29 Apr 2009,0.0
30 Apr 2009,0.0
1 May 2009,0.0
2 May 2009,0.0
3 May 2009,0.0
4 May 2009,0.0
5 May 2009,0.0
6 May 2009,0.0
7 May 2009,0.0
8 May 2009,0.0
9 May 2009,0.0
10 May 2009,0.0
11 May 2009,0.0
12 May 2009,0.0
13 May 2009,0.0
14 May 2009,0.0
15 May 2009,0.0
16 May 2009,0.0
17 May 2009,0.0
18 May 2009,0.0
19 May 2009,0.0
20 May 2009,0.0
21 May 2009,0.0
22 May 2009,0.0
23 May 2009,0.0
24 May 2009,0.0
25 May 2009,0.0
26 May 2009,0.0
27 May 2009,0.0
28 May 2009,0.0
29 May 2009,0.0
30 May 2009,0.0
31 May 2009,0.0
1 Jun 2009,0.0
2 Jun 2009,0.0
3 Jun 2009,0.0
4 Jun 2009,0.0
5 Jun 2009,0.0
6 Jun 2009,0.0
7 Jun 2009,0.0
8 Jun 2009,0.0
9 Jun 2009,0.0
10 Jun 2009,0.0
11 Jun 2009,0.0
12 Jun 2009,0.0
13 Jun 2009,0.0
14 Jun 2009,0.0
15 Jun 2009,0.0
16 Jun 2009,0.0
17 Jun 2009,0.0
18 Jun 2009,0.0
19 Jun 2009,0.0
20 Jun 2009,0.0
21 Jun 2009,0.0
22 Jun 2009,0.0
23 Jun 2009,0.0
24 Jun 2009,0.0
25 Jun 2009,0.0
26 Jun 2009,0.0
27 Jun 2009,0.0
28 Jun 2009,0.0
29 Jun 2009,0.0
30 Jun 2009,0.0
1 Jul 2009,8.783189
2 Jul 2009,0.0
3 Jul 2009,0.0
4 Jul 2009,0.0
5 Jul 2009,0.0
6 Jul 2009,2.219256
7 Jul 2009,0.4613645
8 Jul 2009,6.013037
9 Jul 2009,0.0
10 Jul 2009,0.0
11 Jul 2009,0.0
12 Jul 2009,0.0
13 Jul 2009,0.0
14 Jul 2009,0.0
15 Jul 2009,0.0
16 Jul 2009,9.8
17 Jul 2009,10.4493
18 Jul 2009,0.0
19 Jul 2009,0.0
20 Jul 2009,0.0
21 Jul 2009,5.712657
22 Jul 2009,0.0
23 Jul 2009,0.0
24 Jul 2009,52.64114
25 Jul 2009,26.87605
26 Jul 2009,0.0
27 Jul 2009,0.6431941
28 Jul 2009,3.299087
29 Jul 2009,0.0
30 Jul 2009,0.0
31 Jul 2009,3.997262
1 Aug 2009,0.0
2 Aug 2009,1.201771
3 Aug 2009,0.0
4 Aug 2009,0.0
5 Aug 2009,0.0
6 Aug 2009,0.0
7 Aug 2009,0.0
8 Aug 2009,0.0
9 Aug 2009,0.0
10 Aug 2009,0.0
11 Aug 2009,0.0
12 Aug 2009,0.0
13 Aug 2009,0.0
14 Aug 2009,0.0
15 Aug 2009,4.246726
16 Aug 2009,0.0
17 Aug 2009,0.0
18 Aug 2009,0.0
19 Aug 2009,0.0
20 Aug 2009,5.080296
21 Aug 2009,13.32942
22 Aug 2009,7.957852
23 Aug 2009,23.34849
24 Aug 2009,24.8432
25 Aug 2009,4.236945
26 Aug 2009,0.0
27 Aug 2009,1.902122
28 Aug 2009,8.276427
29 Aug 2009,0.0
30 Aug 2009,10.87404
31 Aug 2009,5.736696
1 Sep 2009,0.0
2 Sep 2009,0.0
3 Sep 2009,6.840734
4 Sep 2009,0.0
5 Sep 2009,0.0
6 Sep 2009,0.0
7 Sep 2009,0.0
8 Sep 2009,0.0
9 Sep 2009,0.0
10 Sep 2009,0.0
11 Sep 2009,0.0
12 Sep 2009,0.0
13 Sep 2009,0.0
14 Sep 2009,0.0
15 Sep 2009,0.0
16 Sep 2009,0.0
17 Sep 2009,0.0
18 Sep 2009,0.0
19 Sep 2009,0.0
20 Sep 2009,0.0
21 Sep 2009,0.0
22 Sep 2009,0.0
23 Sep 2009,0.0
24 Sep 2009,0.0
25 Sep 2009,0.0
26 Sep 2009,0.0
27 Sep 2009,0.0
28 Sep 2009,0.0
29 Sep 2009,0.0
30 Sep 2009,0.0
1 Oct 2009,0.0
2 Oct 2009,0.0
3 Oct 2009,0.0
4 Oct 2009,0.0
5 Oct 2009,0.0
6 Oct 2009,0.0
7 Oct 2009,0.0
8 Oct 2009,0.0
9 Oct 2009,0.0
10 Oct 2009,0.0
11 Oct 2009,0.0
12 Oct 2009,0.0
13 Oct 2009,0.0
14 Oct 2009,0.0
15 Oct 2009,0.0
16 Oct 2009,0.0
17 Oct 2009,0.0
18 Oct 2009,0.0
19 Oct 2009,0.0
20 Oct 2009,0.0
21 Oct 2009,0.0
22 Oct 2009,0.0
23 Oct 2009,0.0
24 Oct 2009,0.4079924
25 Oct 2009,0.0
26 Oct 2009,0.0
27 Oct 2009,0.0
28 Oct 2009,0.0
29 Oct 2009,0.0
30 Oct 2009,0.0
31 Oct 2009,0.0
1 Nov 2009,0.0
2 Nov 2009,0.0
3 Nov 2009,0.0
4 Nov 2009,0.0
5 Nov 2009,0.0
6 Nov 2009,0.0
7 Nov 2009,0.0
8 Nov 2009,0.0
9 Nov 2009,0.0
10 Nov 2009,0.0
11 Nov 2009,0.0
12 Nov 2009,0.0
13 Nov 2009,0.0
14 Nov 2009,0.0
17 Nov 2009,0.0
18 Nov 2009,0.0
19 Nov 2009,0.0
20 Nov 2009,0.0
21 Nov 2009,0.0
22 Nov 2009,0.0
23 Nov 2009,0.0
24 Nov 2009,0.0
25 Nov 2009,0.0
26 Nov 2009,0.0
27 Nov 2009,0.0
28 Nov 2009,0.0
29 Nov 2009,2.42907
30 Nov 2009,0.0
1 Dec 2009,0.0
2 Dec 2009,0.0
3 Dec 2009,0.0
4 Dec 2009,0.0
5 Dec 2009,0.0
6 Dec 2009,0.0
7 Dec 2009,0.0
8 Dec 2009,0.0
9 Dec 2009,0.0
10 Dec 2009,1.123188
11 Dec 2009,0.0
12 Dec 2009,0.0
13 Dec 2009,0.4326459
14 Dec 2009,0.0
15 Dec 2009,0.0
16 Dec 2009,0.0
17 Dec 2009,0.0
18 Dec 2009,0.0
19 Dec 2009,0.0
20 Dec 2009,0.0
21 Dec 2009,0.0
22 Dec 2009,0.0
23 Dec 2009,0.2100191
24 Dec 2009,0.0
25 Dec 2009,0.0
26 Dec 2009,0.0
27 Dec 2009,0.0
28 Dec 2009,0.0
29 Dec 2009,0.0
30 Dec 2009,0.0
31 Dec 2009,0.0
1 Jan 2010,0.0
2 Jan 2010,2.736256
3 Jan 2010,0.0
4 Jan 2010,0.0
5 Jan 2010,0.0
6 Jan 2010,0.0
7 Jan 2010,0.0
8 Jan 2010,0.0
9 Jan 2010,0.0
10 Jan 2010,0.0
11 Jan 2010,0.0
12 Jan 2010,0.0
13 Jan 2010,0.0
14 Jan 2010,0.0
15 Jan 2010,0.0
16 Jan 2010,0.0
17 Jan 2010,0.0
18 Jan 2010,0.0
19 Jan 2010,0.0
20 Jan 2010,0.0
21 Jan 2010,0.0
22 Jan 2010,0.0
23 Jan 2010,0.0
24 Jan 2010,0.0
25 Jan 2010,0.0
26 Jan 2010,0.0
27 Jan 2010,0.0
28 Jan 2010,0.0
29 Jan 2010,0.0
30 Jan 2010,0.0
31 Jan 2010,0.0
1 Feb 2010,0.0
2 Feb 2010,0.0
3 Feb 2010,0.0
4 Feb 2010,0.0
5 Feb 2010,0.0
6 Feb 2010,0.0
7 Feb 2010,0.0
8 Feb 2010,0.0
9 Feb 2010,0.0
10 Feb 2010,0.0
11 Feb 2010,0.0
12 Feb 2010,0.0
13 Feb 2010,0.0
14 Feb 2010,0.0
15 Feb 2010,0.0
16 Feb 2010,0.0
17 Feb 2010,0.0
18 Feb 2010,0.0
19 Feb 2010,0.0
20 Feb 2010,0.0
21 Feb 2010,0.0
22 Feb 2010,0.0
23 Feb 2010,0.0
24 Feb 2010,0.0
25 Feb 2010,0.0
26 Feb 2010,0.0
27 Feb 2010,0.0
28 Feb 2010,0.0
1 Mar 2010,0.0
2 Mar 2010,0.0
3 Mar 2010,0.0
4 Mar 2010,0.0
5 Mar 2010,0.0
6 Mar 2010,0.0
7 Mar 2010,0.0
8 Mar 2010,0.0
9 Mar 2010,0.0
10 Mar 2010,0.0
11 Mar 2010,0.0
12 Mar 2010,0.0
13 Mar 2010,0.0
14 Mar 2010,0.0
15 Mar 2010,0.0
16 Mar 2010,0.0
17 Mar 2010,0.0
18 Mar 2010,0.0
19 Mar 2010,9.94179
20 Mar 2010,3.8203
21 Mar 2010,0.0
22 Mar 2010,0.8495609
23 Mar 2010,0.0
24 Mar 2010,0.0
25 Mar 2010,0.0
26 Mar 2010,5.854875
27 Mar 2010,0.0
28 Mar 2010,0.0
29 Mar 2010,0.0
30 Mar 2010,0.0
31 Mar 2010,0.0
1 Apr 2010,0.0
2 Apr 2010,0.0
3 Apr 2010,0.0
4 Apr 2010,0.0
5 Apr 2010,0.0
6 Apr 2010,0.0
7 Apr 2010,0.0
8 Apr 2010,0.0
9 Apr 2010,0.0
10 Apr 2010,0.0
11 Apr 2010,0.0
12 Apr 2010,2.312315
13 Apr 2010,0.0
14 Apr 2010,0.0
15 Apr 2010,0.0
16 Apr 2010,0.0
17 Apr 2010,5.512114
18 Apr 2010,0.0
19 Apr 2010,0.0
20 Apr 2010,0.0
21 Apr 2010,0.0
22 Apr 2010,1.807286
23 Apr 2010,0.8210098
24 Apr 2010,0.0
25 Apr 2010,4.374541
26 Apr 2010,0.0
27 Apr 2010,0.0
28 Apr 2010,0.0
29 Apr 2010,0.0
30 Apr 2010,4.696291
1 May 2010,4.630904
2 May 2010,2.135436
3 May 2010,14.81952
4 May 2010,6.05407
5 May 2010,7.679038
6 May 2010,0.0
7 May 2010,0.0
8 May 2010,0.0
9 May 2010,0.0
10 May 2010,0.0
11 May 2010,0.0
12 May 2010,0.0
13 May 2010,1.368364
14 May 2010,0.0
15 May 2010,0.0
16 May 2010,0.0
17 May 2010,0.0
18 May 2010,0.0
19 May 2010,0.0
20 May 2010,0.0
21 May 2010,0.0
22 May 2010,0.0
23 May 2010,0.0
24 May 2010,0.0
25 May 2010,0.0
26 May 2010,0.0
27 May 2010,0.0
28 May 2010,0.213003
29 May 2010,0.0
30 May 2010,0.0
31 May 2010,0.0
1 Jun 2010,0.0
2 Jun 2010,0.0
3 Jun 2010,0.0
4 Jun 2010,0.0
5 Jun 2010,0.0
6 Jun 2010,0.0
7 Jun 2010,0.0
8 Jun 2010,0.0
9 Jun 2010,0.0
10 Jun 2010,0.0
11 Jun 2010,0.0
12 Jun 2010,0.0
13 Jun 2010,0.0
14 Jun 2010,0.0
15 Jun 2010,0.0
16 Jun 2010,0.0
17 Jun 2010,0.0
18 Jun 2010,0.0
19 Jun 2010,0.0
20 Jun 2010,0.0
21 Jun 2010,0.0
22 Jun 2010,0.0
23 Jun 2010,0.0
24 Jun 2010,0.0
25 Jun 2010,0.0
26 Jun 2010,0.0
27 Jun 2010,0.0
28 Jun 2010,2.243606
29 Jun 2010,0.0
30 Jun 2010,0.0
1 Jul 2010,0.0
2 Jul 2010,0.0
3 Jul 2010,0.0
4 Jul 2010,1.862231
5 Jul 2010,9.15681
6 Jul 2010,0.0
7 Jul 2010,0.0
8 Jul 2010,0.0
9 Jul 2010,3.052601
10 Jul 2010,1.857214
11 Jul 2010,2.514977
12 Jul 2010,5.249663
13 Jul 2010,2.666056
14 Jul 2010,30.7513
15 Jul 2010,3.304531
16 Jul 2010,10.75167
17 Jul 2010,39.7476
18 Jul 2010,13.08302
19 Jul 2010,0.0
20 Jul 2010,0.0
21 Jul 2010,8.163313
22 Jul 2010,10.51526
23 Jul 2010,0.0
24 Jul 2010,7.922541
25 Jul 2010,14.80694
26 Jul 2010,0.0
27 Jul 2010,4.591304
28 Jul 2010,4.349347
29 Jul 2010,2.81545
30 Jul 2010,0.0
31 Jul 2010,0.0
1 Aug 2010,40.86844
2 Aug 2010,0.0
3 Aug 2010,5.769586
4 Aug 2010,10.92806
5 Aug 2010,30.69972
6 Aug 2010,0.0
7 Aug 2010,0.0
8 Aug 2010,0.0
9 Aug 2010,0.0
10 Aug 2010,4.492444
11 Aug 2010,14.33202
12 Aug 2010,10.83285
13 Aug 2010,17.36113
14 Aug 2010,0.0
15 Aug 2010,6.439459
16 Aug 2010,10.34092
17 Aug 2010,8.124562
18 Aug 2010,0.0
19 Aug 2010,9.618645
20 Aug 2010,42.19578
21 Aug 2010,3.821643
22 Aug 2010,17.2679
23 Aug 2010,0.0
24 Aug 2010,16.24084
25 Aug 2010,19.9542
26 Aug 2010,19.66981
27 Aug 2010,30.93791
28 Aug 2010,9.649105
29 Aug 2010,5.032906
30 Aug 2010,0.0
31 Aug 2010,0.0
1 Sep 2010,15.6804
2 Sep 2010,0.0
3 Sep 2010,6.489735
4 Sep 2010,0.0
5 Sep 2010,0.0
6 Sep 2010,2.957206
7 Sep 2010,0.0
8 Sep 2010,3.479213
9 Sep 2010,0.0
10 Sep 2010,0.0
11 Sep 2010,25.63404
12 Sep 2010,0.0
13 Sep 2010,0.0
14 Sep 2010,23.58875
15 Sep 2010,4.069413
16 Sep 2010,2.4125
17 Sep 2010,0.0
18 Sep 2010,0.0
19 Sep 2010,0.0
20 Sep 2010,0.0
21 Sep 2010,0.0
22 Sep 2010,6.95176
23 Sep 2010,0.0
24 Sep 2010,0.0
25 Sep 2010,0.0
26 Sep 2010,0.0
27 Sep 2010,0.0
28 Sep 2010,0.0
29 Sep 2010,0.0
30 Sep 2010,0.0
1 Oct 2010,0.0
2 Oct 2010,0.0
3 Oct 2010,0.0
4 Oct 2010,0.0
5 Oct 2010,0.0
6 Oct 2010,0.0
7 Oct 2010,0.0
8 Oct 2010,0.0
9 Oct 2010,0.0
10 Oct 2010,0.0
11 Oct 2010,0.0
12 Oct 2010,0.0
13 Oct 2010,0.0
14 Oct 2010,0.0
15 Oct 2010,0.0
16 Oct 2010,0.0
17 Oct 2010,0.0
18 Oct 2010,0.0
19 Oct 2010,0.0
20 Oct 2010,0.0
21 Oct 2010,0.0
22 Oct 2010,0.0
23 Oct 2010,0.0
24 Oct 2010,0.0
25 Oct 2010,0.0
26 Oct 2010,0.0
27 Oct 2010,0.0
28 Oct 2010,0.0
29 Oct 2010,0.0
30 Oct 2010,0.0
31 Oct 2010,0.0
1 Nov 2010,0.0
2 Nov 2010,0.0
3 Nov 2010,0.0
4 Nov 2010,0.0
5 Nov 2010,0.0
6 Nov 2010,0.0
7 Nov 2010,0.0
8 Nov 2010,0.0
9 Nov 2010,0.0
10 Nov 2010,0.0
11 Nov 2010,0.0
12 Nov 2010,0.0
13 Nov 2010,0.0
14 Nov 2010,0.0
15 Nov 2010,0.0
16 Nov 2010,0.0
17 Nov 2010,0.0
18 Nov 2010,0.0
19 Nov 2010,0.0
20 Nov 2010,0.0
21 Nov 2010,0.0
22 Nov 2010,0.0
23 Nov 2010,0.0
24 Nov 2010,0.0
25 Nov 2010,0.0
26 Nov 2010,0.0
27 Nov 2010,0.0
28 Nov 2010,0.0
29 Nov 2010,0.0
30 Nov 2010,0.0
1 Dec 2010,0.0
2 Dec 2010,0.0
3 Dec 2010,0.0
4 Dec 2010,0.0
5 Dec 2010,0.0
6 Dec 2010,0.0
7 Dec 2010,0.0
8 Dec 2010,0.0
9 Dec 2010,0.0
10 Dec 2010,0.0
11 Dec 2010,0.0
12 Dec 2010,0.0
13 Dec 2010,0.0
14 Dec 2010,0.0
15 Dec 2010,0.0
16 Dec 2010,0.0
17 Dec 2010,0.0
18 Dec 2010,0.0
19 Dec 2010,0.0
20 Dec 2010,0.0
21 Dec 2010,0.0
22 Dec 2010,0.0
23 Dec 2010,0.0
24 Dec 2010,0.0
25 Dec 2010,0.0
26 Dec 2010,0.0
27 Dec 2010,0.0
28 Dec 2010,0.0
29 Dec 2010,0.0
30 Dec 2010,0.0
31 Dec 2010,0.0
1 Jan 2011,0.0
2 Jan 2011,0.0
3 Jan 2011,0.0
4 Jan 2011,0.0
5 Jan 2011,0.0
6 Jan 2011,0.0
7 Jan 2011,0.0
8 Jan 2011,0.0
9 Jan 2011,0.0
10 Jan 2011,0.0
11 Jan 2011,0.0
12 Jan 2011,0.0
13 Jan 2011,0.0
14 Jan 2011,0.0
15 Jan 2011,0.0
16 Jan 2011,0.0
17 Jan 2011,0.0
18 Jan 2011,0.0
19 Jan 2011,0.0
20 Jan 2011,0.0
21 Jan 2011,0.0
22 Jan 2011,0.0
23 Jan 2011,0.0
24 Jan 2011,0.0
25 Jan 2011,0.0
26 Jan 2011,0.0
27 Jan 2011,0.0
28 Jan 2011,0.0
29 Jan 2011,0.0
30 Jan 2011,0.0
31 Jan 2011,0.0
1 Feb 2011,2.203905
2 Feb 2011,0.0
3 Feb 2011,0.0
4 Feb 2011,0.0
5 Feb 2011,0.0
6 Feb 2011,0.0
7 Feb 2011,0.0
8 Feb 2011,0.0
9 Feb 2011,0.0
10 Feb 2011,0.0
11 Feb 2011,0.0
12 Feb 2011,0.0
13 Feb 2011,0.0
14 Feb 2011,0.0
15 Feb 2011,0.0
16 Feb 2011,0.0
17 Feb 2011,0.0
18 Feb 2011,0.0
19 Feb 2011,0.0
20 Feb 2011,0.0
21 Feb 2011,0.0
22 Feb 2011,0.0
23 Feb 2011,0.0
24 Feb 2011,0.0
25 Feb 2011,0.0
26 Feb 2011,0.0
27 Feb 2011,0.0
28 Feb 2011,0.0
1 Mar 2011,0.0
2 Mar 2011,0.0
3 Mar 2011,0.0
4 Mar 2011,0.0
5 Mar 2011,0.0
6 Mar 2011,0.0
7 Mar 2011,0.0
8 Mar 2011,0.0
9 Mar 2011,0.0
10 Mar 2011,0.0
11 Mar 2011,0.0
12 Mar 2011,0.0
13 Mar 2011,0.823025
14 Mar 2011,4.313694
15 Mar 2011,12.14451
16 Mar 2011,5.284793
17 Mar 2011,0.0
18 Mar 2011,0.0
19 Mar 2011,0.0
20 Mar 2011,0.0
21 Mar 2011,0.0
22 Mar 2011,0.0
23 Mar 2011,0.0
24 Mar 2011,0.0
25 Mar 2011,0.0
26 Mar 2011,0.0
27 Mar 2011,0.0
28 Mar 2011,0.0
29 Mar 2011,0.0
30 Mar 2011,0.0
31 Mar 2011,0.0
1 Apr 2011,0.0
2 Apr 2011,0.0
3 Apr 2011,0.0
4 Apr 2011,0.0
5 Apr 2011,0.0
6 Apr 2011,0.0
7 Apr 2011,0.0
8 Apr 2011,0.7629812
9 Apr 2011,0.0
10 Apr 2011,0.0
11 Apr 2011,0.0
12 Apr 2011,0.0
13 Apr 2011,0.0
14 Apr 2011,0.0
15 Apr 2011,0.0
16 Apr 2011,0.0
17 Apr 2011,0.0
18 Apr 2011,0.0
19 Apr 2011,0.0
20 Apr 2011,0.0
21 Apr 2011,11.49109
22 Apr 2011,0.0
23 Apr 2011,0.0
24 Apr 2011,0.0
25 Apr 2011,0.6061795
26 Apr 2011,0.0
27 Apr 2011,0.0
28 Apr 2011,0.0
29 Apr 2011,0.0
30 Apr 2011,0.0
1 May 2011,0.0
2 May 2011,0.0
3 May 2011,16.75127
4 May 2011,0.0
5 May 2011,0.0
6 May 2011,0.0
7 May 2011,0.0
8 May 2011,0.0
9 May 2011,0.0
10 May 2011,0.0
11 May 2011,0.0
12 May 2011,0.0
13 May 2011,0.0
14 May 2011,0.0
15 May 2011,0.0
16 May 2011,0.0
17 May 2011,6.220058
18 May 2011,6.286612
19 May 2011,7.631698
20 May 2011,0.0
21 May 2011,0.0
22 May 2011,0.0
23 May 2011,18.00394
24 May 2011,8.400805
25 May 2011,3.673927
26 May 2011,6.442415
27 May 2011,0.0
28 May 2011,0.0
29 May 2011,0.0
30 May 2011,0.0
31 May 2011,0.0
1 Jun 2011,0.0
2 Jun 2011,0.0
3 Jun 2011,0.0
4 Jun 2011,0.0
5 Jun 2011,0.0
6 Jun 2011,0.0
7 Jun 2011,0.0
8 Jun 2011,0.0
9 Jun 2011,0.0
10 Jun 2011,0.0
11 Jun 2011,0.0
12 Jun 2011,21.78005
13 Jun 2011,19.62901
14 Jun 2011,14.77608
15 Jun 2011,0.0
16 Jun 2011,0.0
17 Jun 2011,0.0
18 Jun 2011,0.0
19 Jun 2011,0.0
20 Jun 2011,0.0
21 Jun 2011,0.0
22 Jun 2011,0.0
23 Jun 2011,0.0
24 Jun 2011,10.15698
25 Jun 2011,0.0
26 Jun 2011,0.0
27 Jun 2011,0.0
28 Jun 2011,0.0
29 Jun 2011,11.2905
30 Jun 2011,0.0
1 Jul 2011,1.413813
2 Jul 2011,0.0
3 Jul 2011,9.343182
4 Jul 2011,0.0
5 Jul 2011,1.136619
6 Jul 2011,32.48317
7 Jul 2011,0.0
8 Jul 2011,0.0
9 Jul 2011,0.0
10 Jul 2011,5.469787
11 Jul 2011,0.0
12 Jul 2011,0.0
13 Jul 2011,8.630417
14 Jul 2011,0.0
15 Jul 2011,0.0
16 Jul 2011,7.010923
17 Jul 2011,5.74994
18 Jul 2011,0.0
19 Jul 2011,0.0
20 Jul 2011,0.0
21 Jul 2011,0.0
22 Jul 2011,0.0
23 Jul 2011,0.0
24 Jul 2011,12.76653
25 Jul 2011,3.009139
26 Jul 2011,0.0
27 Jul 2011,0.0
28 Jul 2011,2.981766
29 Jul 2011,2.142948
30 Jul 2011,24.24031
31 Jul 2011,5.338698
1 Aug 2011,3.225808
2 Aug 2011,1.326816
3 Aug 2011,19.41398
4 Aug 2011,9.365653
5 Aug 2011,2.746516
6 Aug 2011,7.169509
7 Aug 2011,2.882801
8 Aug 2011,0.0
9 Aug 2011,0.0
10 Aug 2011,6.971985
11 Aug 2011,3.518114
12 Aug 2011,2.486529
13 Aug 2011,0.0
14 Aug 2011,2.765484
15 Aug 2011,0.0
16 Aug 2011,0.0
17 Aug 2011,1.566354
18 Aug 2011,0.0
19 Aug 2011,7.740789
20 Aug 2011,0.0
21 Aug 2011,0.0
22 Aug 2011,0.0
23 Aug 2011,2.482822
24 Aug 2011,0.0
25 Aug 2011,3.935916
26 Aug 2011,8.540168
27 Aug 2011,0.0
28 Aug 2011,11.32409
29 Aug 2011,9.648481
30 Aug 2011,0.0
31 Aug 2011,0.0
1 Sep 2011,6.672893
2 Sep 2011,26.24178
3 Sep 2011,6.724047
4 Sep 2011,0.0
5 Sep 2011,0.0
6 Sep 2011,0.0
7 Sep 2011,2.527245
8 Sep 2011,3.494029
9 Sep 2011,0.0
10 Sep 2011,0.0
11 Sep 2011,0.0
12 Sep 2011,0.0
13 Sep 2011,0.0
14 Sep 2011,0.0
15 Sep 2011,0.0
16 Sep 2011,0.0
17 Sep 2011,0.0
18 Sep 2011,0.0
19 Sep 2011,0.0
20 Sep 2011,0.0
21 Sep 2011,0.0
22 Sep 2011,0.0
23 Sep 2011,0.0
24 Sep 2011,7.499288
25 Sep 2011,0.0
26 Sep 2011,0.0
27 Sep 2011,0.0
28 Sep 2011,0.0
29 Sep 2011,0.0
30 Sep 2011,0.0
1 Oct 2011,0.0
2 Oct 2011,0.0
3 Oct 2011,0.0
4 Oct 2011,0.0
5 Oct 2011,0.0
6 Oct 2011,0.0
7 Oct 2011,0.0
8 Oct 2011,0.0
9 Oct 2011,0.0
10 Oct 2011,0.0
11 Oct 2011,0.0
12 Oct 2011,0.0
13 Oct 2011,0.0
14 Oct 2011,0.0
15 Oct 2011,0.0
16 Oct 2011,0.0
17 Oct 2011,0.0
18 Oct 2011,0.0
19 Oct 2011,0.0
20 Oct 2011,0.0
21 Oct 2011,0.0
22 Oct 2011,0.0
23 Oct 2011,0.0
24 Oct 2011,0.0
25 Oct 2011,0.0
26 Oct 2011,0.0
27 Oct 2011,0.0
28 Oct 2011,0.0
29 Oct 2011,0.0
30 Oct 2011,0.0
31 Oct 2011,0.0
1 Nov 2011,0.0
2 Nov 2011,0.0
3 Nov 2011,0.0
4 Nov 2011,0.0
5 Nov 2011,1.939022
6 Nov 2011,0.0
7 Nov 2011,0.0
8 Nov 2011,0.0
9 Nov 2011,0.0
10 Nov 2011,0.0
11 Nov 2011,0.0
12 Nov 2011,0.0
13 Nov 2011,0.0
14 Nov 2011,0.0
15 Nov 2011,0.0
16 Nov 2011,0.0
17 Nov 2011,0.0
18 Nov 2011,0.0
19 Nov 2011,0.0
20 Nov 2011,0.0
21 Nov 2011,0.0
22 Nov 2011,0.0
23 Nov 2011,0.0
24 Nov 2011,0.0
25 Nov 2011,0.0
26 Nov 2011,0.0
27 Nov 2011,0.0
28 Nov 2011,0.0
29 Nov 2011,0.0
30 Nov 2011,0.0
1 Dec 2011,0.0
2 Dec 2011,0.0
3 Dec 2011,0.0
4 Dec 2011,0.0
5 Dec 2011,0.0
6 Dec 2011,0.0
7 Dec 2011,0.0
8 Dec 2011,0.0
9 Dec 2011,0.0
10 Dec 2011,0.0
11 Dec 2011,0.0
12 Dec 2011,0.0
13 Dec 2011,0.0
14 Dec 2011,0.0
15 Dec 2011,0.0
16 Dec 2011,0.0
17 Dec 2011,0.0
18 Dec 2011,0.0
19 Dec 2011,0.0
20 Dec 2011,0.0
21 Dec 2011,0.0
22 Dec 2011,0.0
23 Dec 2011,0.0
24 Dec 2011,0.0
25 Dec 2011,0.0
26 Dec 2011,0.0
27 Dec 2011,0.0
28 Dec 2011,0.0
29 Dec 2011,0.0
30 Dec 2011,0.0
31 Dec 2011,0.0
1 Jan 2012,0.0
2 Jan 2012,0.0
3 Jan 2012,0.0
4 Jan 2012,0.0
5 Jan 2012,0.0
6 Jan 2012,0.0
7 Jan 2012,0.0
8 Jan 2012,0.0
9 Jan 2012,0.0
10 Jan 2012,0.0
11 Jan 2012,0.0
12 Jan 2012,0.0
13 Jan 2012,0.0
14 Jan 2012,0.0
15 Jan 2012,0.0
16 Jan 2012,0.0
17 Jan 2012,0.0
18 Jan 2012,0.0
19 Jan 2012,0.0
20 Jan 2012,0.0
21 Jan 2012,0.0
22 Jan 2012,0.0
23 Jan 2012,0.0
24 Jan 2012,0.0
25 Jan 2012,0.0
26 Jan 2012,0.0
27 Jan 2012,0.0
28 Jan 2012,0.0
29 Jan 2012,0.0
30 Jan 2012,0.0
31 Jan 2012,0.0
1 Feb 2012,0.0
2 Feb 2012,0.0
3 Feb 2012,0.0
4 Feb 2012,0.0
5 Feb 2012,0.0
6 Feb 2012,0.0
7 Feb 2012,0.0
8 Feb 2012,0.0
9 Feb 2012,0.0
10 Feb 2012,0.0
11 Feb 2012,0.0
12 Feb 2012,0.0
13 Feb 2012,0.0
14 Feb 2012,0.0
15 Feb 2012,0.0
16 Feb 2012,0.0
17 Feb 2012,0.0
18 Feb 2012,0.0
19 Feb 2012,0.0
20 Feb 2012,0.0
21 Feb 2012,0.0
22 Feb 2012,0.0
23 Feb 2012,0.0
24 Feb 2012,0.0
25 Feb 2012,0.0
26 Feb 2012,0.0
27 Feb 2012,0.0
28 Feb 2012,0.0
29 Feb 2012,0.0
1 Mar 2012,0.0
2 Mar 2012,0.0
3 Mar 2012,0.0
4 Mar 2012,0.0
5 Mar 2012,0.0
6 Mar 2012,0.0
7 Mar 2012,0.0
8 Mar 2012,0.0
9 Mar 2012,0.0
10 Mar 2012,0.0
11 Mar 2012,0.0
12 Mar 2012,0.0
13 Mar 2012,0.0
14 Mar 2012,0.0
15 Mar 2012,0.0
16 Mar 2012,0.0
17 Mar 2012,0.0
18 Mar 2012,0.0
19 Mar 2012,0.0
20 Mar 2012,0.0
21 Mar 2012,0.0
22 Mar 2012,0.0
23 Mar 2012,0.0
24 Mar 2012,0.0
25 Mar 2012,0.0
26 Mar 2012,0.0
27 Mar 2012,0.0
28 Mar 2012,0.0
29 Mar 2012,0.0
30 Mar 2012,0.0
31 Mar 2012,0.0
1 Apr 2012,0.0
2 Apr 2012,0.0
3 Apr 2012,0.0
4 Apr 2012,0.0
5 Apr 2012,0.0
6 Apr 2012,0.0
7 Apr 2012,0.0
8 Apr 2012,0.0
9 Apr 2012,0.0
10 Apr 2012,0.0
11 Apr 2012,0.0
12 Apr 2012,0.7844689
13 Apr 2012,3.288079
14 Apr 2012,0.0
15 Apr 2012,0.0
16 Apr 2012,0.0
17 Apr 2012,0.0
18 Apr 2012,0.0
19 Apr 2012,0.0
20 Apr 2012,0.0
21 Apr 2012,0.0
22 Apr 2012,0.0
23 Apr 2012,0.0
24 Apr 2012,4.281864
25 Apr 2012,0.0
26 Apr 2012,0.0
27 Apr 2012,0.0
28 Apr 2012,0.2835515
29 Apr 2012,0.0
30 Apr 2012,0.0
1 May 2012,0.0
2 May 2012,0.0
3 May 2012,0.0
4 May 2012,7.289175
5 May 2012,0.0
6 May 2012,6.304812
7 May 2012,0.0
8 May 2012,0.0
9 May 2012,0.0
10 May 2012,0.0
11 May 2012,0.0
12 May 2012,0.0
13 May 2012,0.0
14 May 2012,0.0
15 May 2012,0.0
16 May 2012,0.0
17 May 2012,0.0
18 May 2012,0.0
19 May 2012,0.0
20 May 2012,0.0
21 May 2012,0.0
22 May 2012,0.0
23 May 2012,0.0
24 May 2012,0.0
25 May 2012,0.0
26 May 2012,0.0
27 May 2012,0.0
28 May 2012,0.0
29 May 2012,0.0
30 May 2012,0.0
31 May 2012,0.0
1 Jun 2012,0.0
2 Jun 2012,0.0
3 Jun 2012,0.0
4 Jun 2012,0.0
5 Jun 2012,0.0
6 Jun 2012,0.0
7 Jun 2012,0.0
8 Jun 2012,0.0
9 Jun 2012,0.0
10 Jun 2012,0.0
11 Jun 2012,0.0
12 Jun 2012,0.0
13 Jun 2012,0.0
14 Jun 2012,0.0
15 Jun 2012,0.0
16 Jun 2012,0.0
17 Jun 2012,0.0
18 Jun 2012,0.0
19 Jun 2012,5.051461
20 Jun 2012,0.0
21 Jun 2012,9.330482
22 Jun 2012,0.0
23 Jun 2012,0.0
24 Jun 2012,0.0
25 Jun 2012,0.0
26 Jun 2012,1.511857
27 Jun 2012,0.0
28 Jun 2012,9.078932
29 Jun 2012,0.0
30 Jun 2012,0.0
1 Jul 2012,0.0
2 Jul 2012,0.0
3 Jul 2012,0.0
4 Jul 2012,9.702396
5 Jul 2012,14.4641
6 Jul 2012,0.0
7 Jul 2012,13.17457
8 Jul 2012,0.0
9 Jul 2012,6.850959
10 Jul 2012,0.0
11 Jul 2012,0.0
12 Jul 2012,0.0
13 Jul 2012,1.712415
14 Jul 2012,2.557243
15 Jul 2012,12.68913
16 Jul 2012,0.0
17 Jul 2012,0.0
18 Jul 2012,22.24768
19 Jul 2012,0.0
20 Jul 2012,7.861763
21 Jul 2012,3.545866
22 Jul 2012,17.70266
23 Jul 2012,9.278071
24 Jul 2012,0.0
25 Jul 2012,8.306132
26 Jul 2012,4.877607
27 Jul 2012,16.1975
28 Jul 2012,4.301333
29 Jul 2012,21.17014
30 Jul 2012,8.330971
31 Jul 2012,12.68693
1 Aug 2012,8.38191
2 Aug 2012,4.251069
3 Aug 2012,8.121963
4 Aug 2012,4.431026
5 Aug 2012,17.0357
6 Aug 2012,4.272721
7 Aug 2012,7.785867
8 Aug 2012,41.90406
9 Aug 2012,14.32874
10 Aug 2012,0.0
11 Aug 2012,9.995974
12 Aug 2012,3.26624
13 Aug 2012,2.170874
14 Aug 2012,0.0
15 Aug 2012,0.0
16 Aug 2012,2.179669
17 Aug 2012,0.0
18 Aug 2012,5.721537
19 Aug 2012,0.0
20 Aug 2012,0.0
21 Aug 2012,0.0
22 Aug 2012,4.223449
23 Aug 2012,0.0
24 Aug 2012,4.317356
25 Aug 2012,0.0
26 Aug 2012,0.0
27 Aug 2012,7.604119
28 Aug 2012,11.34737
29 Aug 2012,6.474791
30 Aug 2012,0.0
31 Aug 2012,0.0
1 Sep 2012,0.0
2 Sep 2012,0.0
3 Sep 2012,0.0
4 Sep 2012,0.0
5 Sep 2012,11.8506
6 Sep 2012,0.0
7 Sep 2012,0.0
8 Sep 2012,5.768912
9 Sep 2012,0.0
10 Sep 2012,0.0
11 Sep 2012,0.0
12 Sep 2012,4.097849
13 Sep 2012,0.0
14 Sep 2012,0.0
15 Sep 2012,0.0
16 Sep 2012,0.0
17 Sep 2012,0.0
18 Sep 2012,0.0
19 Sep 2012,0.0
20 Sep 2012,0.0
21 Sep 2012,0.0
22 Sep 2012,0.0
23 Sep 2012,0.0
24 Sep 2012,0.0
25 Sep 2012,0.0
26 Sep 2012,0.0
27 Sep 2012,0.0
28 Sep 2012,0.0
29 Sep 2012,0.0
30 Sep 2012,0.0
1 Oct 2012,0.0
2 Oct 2012,0.0
3 Oct 2012,0.0
4 Oct 2012,0.0
5 Oct 2012,0.0
6 Oct 2012,0.0
7 Oct 2012,0.0
8 Oct 2012,0.0
9 Oct 2012,0.0
10 Oct 2012,0.0
11 Oct 2012,0.0
12 Oct 2012,0.0
13 Oct 2012,0.0
14 Oct 2012,0.0
15 Oct 2012,0.0
16 Oct 2012,0.0
17 Oct 2012,0.0
18 Oct 2012,0.0
19 Oct 2012,0.0
20 Oct 2012,0.0
21 Oct 2012,0.0
22 Oct 2012,0.0
23 Oct 2012,0.0
24 Oct 2012,0.0
25 Oct 2012,0.0
26 Oct 2012,0.0
27 Oct 2012,0.0
28 Oct 2012,0.0
29 Oct 2012,10.82013
30 Oct 2012,9.118868
31 Oct 2012,0.0
1 Nov 2012,0.0
2 Nov 2012,0.0
3 Nov 2012,0.0
4 Nov 2012,0.0
5 Nov 2012,0.0
6 Nov 2012,0.0
7 Nov 2012,0.0
8 Nov 2012,7.102523
9 Nov 2012,0.0
10 Nov 2012,0.0
11 Nov 2012,0.0
12 Nov 2012,0.0
13 Nov 2012,0.0
14 Nov 2012,0.0
15 Nov 2012,0.0
16 Nov 2012,0.0
17 Nov 2012,0.0
18 Nov 2012,0.0
19 Nov 2012,0.0
20 Nov 2012,0.0
21 Nov 2012,0.0
22 Nov 2012,0.0
23 Nov 2012,0.0
24 Nov 2012,0.0
25 Nov 2012,0.0
26 Nov 2012,0.0
27 Nov 2012,0.0
28 Nov 2012,0.0
29 Nov 2012,0.0
30 Nov 2012,0.0
1 Dec 2012,0.0
2 Dec 2012,0.0
3 Dec 2012,0.0
4 Dec 2012,0.0
5 Dec 2012,0.0
6 Dec 2012,0.0
7 Dec 2012,0.0
8 Dec 2012,0.0
9 Dec 2012,0.0
10 Dec 2012,0.0
11 Dec 2012,0.0
12 Dec 2012,0.0
13 Dec 2012,0.0
14 Dec 2012,0.0
15 Dec 2012,0.0
16 Dec 2012,0.0
17 Dec 2012,0.0
18 Dec 2012,0.0
19 Dec 2012,0.0
20 Dec 2012,0.0
21 Dec 2012,0.0
22 Dec 2012,0.0
23 Dec 2012,0.0
24 Dec 2012,0.0
25 Dec 2012,0.0
26 Dec 2012,0.0
27 Dec 2012,0.0
28 Dec 2012,0.0
29 Dec 2012,0.0
30 Dec 2012,0.0
31 Dec 2012,0.0
1 Jan 2013,0.0
2 Jan 2013,0.0
3 Jan 2013,0.0
4 Jan 2013,0.0
5 Jan 2013,0.0
6 Jan 2013,0.0
7 Jan 2013,0.0
8 Jan 2013,0.0
9 Jan 2013,0.0
10 Jan 2013,0.0
11 Jan 2013,0.0
12 Jan 2013,0.0
13 Jan 2013,0.0
14 Jan 2013,0.0
15 Jan 2013,0.0
16 Jan 2013,0.0
17 Jan 2013,0.0
18 Jan 2013,0.0
19 Jan 2013,0.0
20 Jan 2013,0.0
21 Jan 2013,0.0
22 Jan 2013,0.0
23 Jan 2013,0.0
24 Jan 2013,0.0
25 Jan 2013,0.0
26 Jan 2013,0.0
27 Jan 2013,0.0
28 Jan 2013,0.0
29 Jan 2013,0.0
30 Jan 2013,0.0
31 Jan 2013,0.0
1 Feb 2013,0.0
2 Feb 2013,0.0
3 Feb 2013,0.0
4 Feb 2013,0.0
5 Feb 2013,0.0
6 Feb 2013,0.0
7 Feb 2013,0.0
8 Feb 2013,0.0
9 Feb 2013,0.0
10 Feb 2013,0.0
11 Feb 2013,0.0
12 Feb 2013,0.0
13 Feb 2013,0.0
14 Feb 2013,0.0
15 Feb 2013,0.0
16 Feb 2013,0.0
17 Feb 2013,0.0
18 Feb 2013,0.0
19 Feb 2013,0.0
20 Feb 2013,0.0
21 Feb 2013,0.0
22 Feb 2013,0.0
23 Feb 2013,0.0
24 Feb 2013,0.0
25 Feb 2013,0.0
26 Feb 2013,0.0
27 Feb 2013,0.0
28 Feb 2013,0.0
1 Mar 2013,0.0
2 Mar 2013,0.0
3 Mar 2013,0.0
4 Mar 2013,0.0
5 Mar 2013,0.0
6 Mar 2013,0.0
7 Mar 2013,0.0
8 Mar 2013,0.0
9 Mar 2013,0.0
10 Mar 2013,0.0
11 Mar 2013,0.0
12 Mar 2013,0.0
13 Mar 2013,0.0
14 Mar 2013,0.0
15 Mar 2013,0.0
16 Mar 2013,0.0
17 Mar 2013,0.0
18 Mar 2013,0.0
19 Mar 2013,0.0
20 Mar 2013,3.209968
21 Mar 2013,0.0
22 Mar 2013,0.0
23 Mar 2013,0.0
24 Mar 2013,0.0
25 Mar 2013,0.0
26 Mar 2013,0.620683
27 Mar 2013,0.0
28 Mar 2013,0.0
29 Mar 2013,0.0
30 Mar 2013,0.0
31 Mar 2013,0.0
1 Apr 2013,0.0
2 Apr 2013,0.0
3 Apr 2013,0.0
4 Apr 2013,0.0
5 Apr 2013,0.0
6 Apr 2013,0.0
7 Apr 2013,0.0
8 Apr 2013,0.0
9 Apr 2013,0.0
10 Apr 2013,0.0
11 Apr 2013,0.0
12 Apr 2013,0.0
13 Apr 2013,0.0
14 Apr 2013,6.048506
15 Apr 2013,0.0
16 Apr 2013,0.0
17 Apr 2013,23.50921
18 Apr 2013,0.0
19 Apr 2013,0.0
20 Apr 2013,0.0
21 Apr 2013,0.0
22 Apr 2013,0.0
23 Apr 2013,0.0
24 Apr 2013,0.0
25 Apr 2013,0.0
26 Apr 2013,0.0
27 Apr 2013,0.0
28 Apr 2013,4.461477
29 Apr 2013,0.0
30 Apr 2013,0.0
1 May 2013,0.0
2 May 2013,0.0
3 May 2013,0.0
4 May 2013,0.0
5 May 2013,0.0
6 May 2013,2.604187
7 May 2013,0.0
8 May 2013,0.7906353
9 May 2013,0.0
10 May 2013,0.0
11 May 2013,0.0
12 May 2013,0.0
13 May 2013,6.481501
14 May 2013,0.0
15 May 2013,0.0
16 May 2013,0.0
17 May 2013,0.0
18 May 2013,0.0
19 May 2013,0.0
20 May 2013,0.0
21 May 2013,0.0
22 May 2013,0.0
23 May 2013,0.0
24 May 2013,0.0
25 May 2013,0.0
26 May 2013,0.0
27 May 2013,0.0
28 May 2013,0.0
29 May 2013,0.0
30 May 2013,0.0
31 May 2013,0.0
1 Jun 2013,0.0
2 Jun 2013,0.0
3 Jun 2013,0.0
4 Jun 2013,0.0
5 Jun 2013,0.0
6 Jun 2013,0.0
7 Jun 2013,0.0
8 Jun 2013,0.0
9 Jun 2013,0.0
10 Jun 2013,0.0
11 Jun 2013,0.0
12 Jun 2013,0.0
13 Jun 2013,0.0
14 Jun 2013,0.0
15 Jun 2013,0.0
16 Jun 2013,0.0
17 Jun 2013,0.0
18 Jun 2013,0.0
19 Jun 2013,0.0
20 Jun 2013,0.0
21 Jun 2013,0.0
22 Jun 2013,0.0
23 Jun 2013,0.0
24 Jun 2013,0.0
25 Jun 2013,0.0
26 Jun 2013,0.0
27 Jun 2013,0.0
28 Jun 2013,0.0
29 Jun 2013,3.64495
30 Jun 2013,0.0
1 Jul 2013,0.0
2 Jul 2013,0.0
3 Jul 2013,0.3498434
4 Jul 2013,0.0
5 Jul 2013,7.033678
6 Jul 2013,0.0
7 Jul 2013,6.599769
8 Jul 2013,0.3322476
9 Jul 2013,0.0
10 Jul 2013,8.727857
11 Jul 2013,6.006459
12 Jul 2013,0.0
13 Jul 2013,15.61903
14 Jul 2013,10.59815
15 Jul 2013,5.17341
16 Jul 2013,21.58601
17 Jul 2013,21.46167
18 Jul 2013,11.70622
19 Jul 2013,0.0
20 Jul 2013,0.0
21 Jul 2013,2.86958
22 Jul 2013,8.880522
23 Jul 2013,30.99071
24 Jul 2013,2.482827
25 Jul 2013,25.53653
26 Jul 2013,6.809693
27 Jul 2013,0.0
28 Jul 2013,0.0
29 Jul 2013,34.94632
30 Jul 2013,40.52589
31 Jul 2013,14.24454
1 Aug 2013,11.42813
2 Aug 2013,1.495418
3 Aug 2013,0.0
4 Aug 2013,71.87354
5 Aug 2013,9.867486
6 Aug 2013,9.011088
7 Aug 2013,0.0
8 Aug 2013,0.0
9 Aug 2013,0.0
10 Aug 2013,7.613077
11 Aug 2013,2.697274
12 Aug 2013,2.732683
13 Aug 2013,8.453619
14 Aug 2013,4.429138
15 Aug 2013,0.0
16 Aug 2013,19.61514
17 Aug 2013,0.3712706
18 Aug 2013,0.0
19 Aug 2013,5.174371
20 Aug 2013,0.0
21 Aug 2013,18.16086
22 Aug 2013,0.0
23 Aug 2013,21.92754
24 Aug 2013,10.1912
25 Aug 2013,13.93885
26 Aug 2013,0.0
27 Aug 2013,0.0
28 Aug 2013,7.315825
29 Aug 2013,0.0
30 Aug 2013,0.0
31 Aug 2013,7.334785
1 Sep 2013,0.0
2 Sep 2013,0.0
3 Sep 2013,1.840823
4 Sep 2013,0.0
5 Sep 2013,0.0
6 Sep 2013,16.52192
7 Sep 2013,0.0
8 Sep 2013,0.0
9 Sep 2013,7.184693
10 Sep 2013,3.061128
11 Sep 2013,0.0
12 Sep 2013,0.0
13 Sep 2013,5.74466
14 Sep 2013,4.080905
15 Sep 2013,0.0
16 Sep 2013,0.0
17 Sep 2013,0.0
18 Sep 2013,0.0
19 Sep 2013,0.0
20 Sep 2013,3.197909
21 Sep 2013,0.0
22 Sep 2013,0.0
23 Sep 2013,0.0
24 Sep 2013,0.0
25 Sep 2013,0.0
26 Sep 2013,0.0
27 Sep 2013,0.0
28 Sep 2013,0.0
29 Sep 2013,0.0
30 Sep 2013,0.0
1 Oct 2013,0.0
2 Oct 2013,0.0
3 Oct 2013,0.0
4 Oct 2013,0.0
5 Oct 2013,0.0
6 Oct 2013,0.0
7 Oct 2013,19.19525
8 Oct 2013,0.0
9 Oct 2013,5.597465
10 Oct 2013,0.0
11 Oct 2013,0.0
12 Oct 2013,0.0
13 Oct 2013,11.63397
14 Oct 2013,0.0
15 Oct 2013,0.0
16 Oct 2013,0.0
17 Oct 2013,0.0
18 Oct 2013,0.0
19 Oct 2013,0.0
20 Oct 2013,0.0
21 Oct 2013,0.0
22 Oct 2013,0.0
23 Oct 2013,0.0
24 Oct 2013,0.0
25 Oct 2013,0.0
26 Oct 2013,0.0
27 Oct 2013,0.0
28 Oct 2013,0.0
29 Oct 2013,0.0
30 Oct 2013,0.0
31 Oct 2013,0.0
1 Nov 2013,0.0
2 Nov 2013,0.0
3 Nov 2013,0.0
4 Nov 2013,0.0
5 Nov 2013,0.0
6 Nov 2013,0.0
7 Nov 2013,0.0
8 Nov 2013,0.0
9 Nov 2013,0.0
10 Nov 2013,0.0
11 Nov 2013,0.0
12 Nov 2013,0.0
13 Nov 2013,0.0
14 Nov 2013,0.0
15 Nov 2013,0.0
16 Nov 2013,0.0
17 Nov 2013,0.0
18 Nov 2013,0.0
19 Nov 2013,0.0
20 Nov 2013,0.0
21 Nov 2013,6.659588
22 Nov 2013,0.0
23 Nov 2013,0.0
24 Nov 2013,0.0
25 Nov 2013,0.0
26 Nov 2013,0.0
27 Nov 2013,0.0
28 Nov 2013,0.0
29 Nov 2013,0.0
30 Nov 2013,0.0
1 Dec 2013,0.0
2 Dec 2013,0.0
3 Dec 2013,0.0
4 Dec 2013,0.0
5 Dec 2013,0.0
6 Dec 2013,0.0
7 Dec 2013,0.0
8 Dec 2013,0.0
9 Dec 2013,0.0
10 Dec 2013,0.0
11 Dec 2013,0.0
12 Dec 2013,0.0
13 Dec 2013,0.0
14 Dec 2013,0.0
15 Dec 2013,0.0
16 Dec 2013,0.0
17 Dec 2013,0.0
18 Dec 2013,0.0
19 Dec 2013,0.0
20 Dec 2013,0.0
21 Dec 2013,0.0
22 Dec 2013,0.0
23 Dec 2013,0.0
24 Dec 2013,0.0
25 Dec 2013,0.0
26 Dec 2013,0.0
27 Dec 2013,0.0
28 Dec 2013,0.0
29 Dec 2013,0.0
30 Dec 2013,0.0
31 Dec 2013,0.0
1 Jan 2014,0.0
2 Jan 2014,0.0
3 Jan 2014,0.0
4 Jan 2014,0.0
5 Jan 2014,0.0
6 Jan 2014,0.0
7 Jan 2014,0.0
8 Jan 2014,0.0
9 Jan 2014,0.0
10 Jan 2014,0.0
11 Jan 2014,0.0
12 Jan 2014,0.0
13 Jan 2014,0.0
14 Jan 2014,0.0
15 Jan 2014,0.0
16 Jan 2014,0.0
17 Jan 2014,0.3395663
18 Jan 2014,0.0
19 Jan 2014,0.0
20 Jan 2014,0.0
21 Jan 2014,0.0
22 Jan 2014,0.0
23 Jan 2014,0.0
24 Jan 2014,0.0
25 Jan 2014,0.0
26 Jan 2014,0.0
27 Jan 2014,0.0
28 Jan 2014,0.0
29 Jan 2014,0.0
30 Jan 2014,0.0
31 Jan 2014,0.0
1 Feb 2014,0.0
2 Feb 2014,0.0
3 Feb 2014,0.0
4 Feb 2014,0.0
5 Feb 2014,0.0
6 Feb 2014,0.0
7 Feb 2014,0.0
8 Feb 2014,0.0
9 Feb 2014,0.0
10 Feb 2014,0.0
11 Feb 2014,0.0
12 Feb 2014,0.0
13 Feb 2014,0.0
14 Feb 2014,0.0
15 Feb 2014,0.0
16 Feb 2014,0.0
17 Feb 2014,0.0
18 Feb 2014,1.671618
19 Feb 2014,3.415148
20 Feb 2014,0.0
21 Feb 2014,0.0
22 Feb 2014,0.0
23 Feb 2014,0.0
24 Feb 2014,0.0
25 Feb 2014,0.0
26 Feb 2014,0.0
27 Feb 2014,0.0
28 Feb 2014,0.0
1 Mar 2014,0.0
2 Mar 2014,0.0
3 Mar 2014,0.0
4 Mar 2014,3.168966
5 Mar 2014,2.663705
6 Mar 2014,0.0
7 Mar 2014,0.0
8 Mar 2014,0.0
9 Mar 2014,0.0
10 Mar 2014,0.0
11 Mar 2014,0.0
12 Mar 2014,7.940838
13 Mar 2014,18.59441
14 Mar 2014,0.0
15 Mar 2014,0.0
16 Mar 2014,0.0
17 Mar 2014,0.0
18 Mar 2014,0.0
19 Mar 2014,0.0
20 Mar 2014,0.0
21 Mar 2014,0.0
22 Mar 2014,0.0
23 Mar 2014,0.0
24 Mar 2014,0.0
25 Mar 2014,0.0
26 Mar 2014,0.0
27 Mar 2014,0.0
28 Mar 2014,0.0
29 Mar 2014,0.0
30 Mar 2014,0.0
31 Mar 2014,0.0
1 Apr 2014,4.017241
2 Apr 2014,0.0
3 Apr 2014,0.3466132
4 Apr 2014,4.751233
5 Apr 2014,0.0
6 Apr 2014,0.0
7 Apr 2014,0.0
8 Apr 2014,0.0
9 Apr 2014,0.0
10 Apr 2014,0.0
11 Apr 2014,0.0
12 Apr 2014,0.0
13 Apr 2014,0.0
14 Apr 2014,0.0
15 Apr 2014,0.0
16 Apr 2014,0.0
17 Apr 2014,0.0
18 Apr 2014,0.0
19 Apr 2014,0.0
20 Apr 2014,0.0
21 Apr 2014,0.0
22 Apr 2014,1.570047
23 Apr 2014,3.593772
24 Apr 2014,0.0
25 Apr 2014,6.497886
26 Apr 2014,0.0
27 Apr 2014,0.0
28 Apr 2014,9.549204
29 Apr 2014,2.505529
30 Apr 2014,0.0
1 May 2014,0.0
2 May 2014,0.0
3 May 2014,0.0
4 May 2014,0.0
5 May 2014,0.0
6 May 2014,0.0
7 May 2014,0.0
8 May 2014,0.0
9 May 2014,0.0
10 May 2014,3.105309
11 May 2014,4.576728
12 May 2014,0.0
13 May 2014,5.841256
14 May 2014,6.797646
15 May 2014,0.0
16 May 2014,0.0
17 May 2014,0.0
18 May 2014,9.563395
19 May 2014,3.741398
20 May 2014,0.0
21 May 2014,6.567242
22 May 2014,0.0
23 May 2014,0.0
24 May 2014,0.0
25 May 2014,7.876946
26 May 2014,0.0
27 May 2014,0.0
28 May 2014,0.0
29 May 2014,0.0
30 May 2014,0.0
31 May 2014,0.0
1 Jun 2014,0.0
2 Jun 2014,0.0
3 Jun 2014,0.0
4 Jun 2014,0.0
5 Jun 2014,0.0
6 Jun 2014,0.0
7 Jun 2014,0.0
8 Jun 2014,0.0
9 Jun 2014,0.0
10 Jun 2014,0.0
11 Jun 2014,0.0
12 Jun 2014,0.0
13 Jun 2014,0.0
14 Jun 2014,0.0
15 Jun 2014,0.0
16 Jun 2014,0.0
17 Jun 2014,0.0
18 Jun 2014,0.0
19 Jun 2014,0.0
20 Jun 2014,2.067603
21 Jun 2014,0.3476583
22 Jun 2014,0.0
23 Jun 2014,0.0
24 Jun 2014,3.053296
25 Jun 2014,0.0
26 Jun 2014,0.0
27 Jun 2014,0.0
28 Jun 2014,0.0
29 Jun 2014,0.0
30 Jun 2014,0.0
1 Jul 2014,0.0
2 Jul 2014,0.0
3 Jul 2014,0.0
4 Jul 2014,15.6375
5 Jul 2014,85.23738
6 Jul 2014,0.0
7 Jul 2014,0.0
8 Jul 2014,4.191519
9 Jul 2014,4.698306
10 Jul 2014,0.0
11 Jul 2014,0.0
12 Jul 2014,0.0
13 Jul 2014,0.0
14 Jul 2014,0.0
15 Jul 2014,0.0
16 Jul 2014,1.609198
17 Jul 2014,0.0
18 Jul 2014,0.0
19 Jul 2014,0.0
20 Jul 2014,16.40392
21 Jul 2014,21.0499
22 Jul 2014,0.0
23 Jul 2014,0.0
24 Jul 2014,0.0
25 Jul 2014,0.0
26 Jul 2014,0.0
27 Jul 2014,0.0
28 Jul 2014,10.04899
29 Jul 2014,1.795459
30 Jul 2014,0.0
31 Jul 2014,26.57214
1 Aug 2014,9.829331
2 Aug 2014,3.357506
3 Aug 2014,15.11928
4 Aug 2014,24.24541
5 Aug 2014,11.42039
6 Aug 2014,5.109354
7 Aug 2014,3.188847
8 Aug 2014,8.777608
9 Aug 2014,8.161541
10 Aug 2014,0.0
11 Aug 2014,0.0
12 Aug 2014,6.55699
13 Aug 2014,24.80247
14 Aug 2014,0.0
15 Aug 2014,0.0
16 Aug 2014,0.7642932
17 Aug 2014,0.0
18 Aug 2014,12.10175
19 Aug 2014,8.878387
20 Aug 2014,4.704607
21 Aug 2014,0.0
22 Aug 2014,0.0
23 Aug 2014,0.0
24 Aug 2014,30.05428
25 Aug 2014,3.290535
26 Aug 2014,20.13275
27 Aug 2014,0.0
28 Aug 2014,4.114772
29 Aug 2014,27.21281
30 Aug 2014,8.267883
31 Aug 2014,9.721162
1 Sep 2014,0.0
2 Sep 2014,10.229
3 Sep 2014,8.26433
4 Sep 2014,5.035118
5 Sep 2014,2.626116
6 Sep 2014,12.92686
7 Sep 2014,19.49696
8 Sep 2014,13.52313
9 Sep 2014,0.0
10 Sep 2014,12.99885
11 Sep 2014,0.0
12 Sep 2014,0.0
13 Sep 2014,8.872541
14 Sep 2014,2.836958
15 Sep 2014,0.0
16 Sep 2014,4.461617
17 Sep 2014,2.70018
18 Sep 2014,0.0
19 Sep 2014,0.0
20 Sep 2014,2.46049
21 Sep 2014,0.0
22 Sep 2014,0.0
23 Sep 2014,0.0
24 Sep 2014,0.0
25 Sep 2014,0.0
26 Sep 2014,0.0
27 Sep 2014,0.0
28 Sep 2014,0.0
29 Sep 2014,0.0
30 Sep 2014,0.0
1 Oct 2014,1.641363
2 Oct 2014,0.0
3 Oct 2014,1.837953
4 Oct 2014,1.385297
5 Oct 2014,0.0
6 Oct 2014,1.493454
7 Oct 2014,0.0
8 Oct 2014,0.0
9 Oct 2014,0.0
10 Oct 2014,0.0
11 Oct 2014,0.0
12 Oct 2014,0.0
13 Oct 2014,0.0
14 Oct 2014,0.0
15 Oct 2014,0.0
16 Oct 2014,0.0
17 Oct 2014,0.0
18 Oct 2014,0.0
19 Oct 2014,0.0
20 Oct 2014,5.295696
21 Oct 2014,0.0
22 Oct 2014,0.0
23 Oct 2014,0.0
24 Oct 2014,0.0
25 Oct 2014,0.0
26 Oct 2014,0.0
27 Oct 2014,0.0
28 Oct 2014,0.0
29 Oct 2014,0.0
30 Oct 2014,0.0
31 Oct 2014,0.0
1 Nov 2014,0.0
2 Nov 2014,0.0
3 Nov 2014,0.0
4 Nov 2014,0.0
5 Nov 2014,0.0
6 Nov 2014,0.0
7 Nov 2014,0.0
8 Nov 2014,0.0
9 Nov 2014,0.0
10 Nov 2014,0.0
11 Nov 2014,0.0
12 Nov 2014,0.0
13 Nov 2014,0.0
14 Nov 2014,0.0
15 Nov 2014,0.0
16 Nov 2014,0.0
17 Nov 2014,0.0
18 Nov 2014,0.8685825
19 Nov 2014,0.0
20 Nov 2014,0.0
21 Nov 2014,0.0
22 Nov 2014,0.0
23 Nov 2014,0.0
24 Nov 2014,0.0
25 Nov 2014,0.0
26 Nov 2014,0.0
27 Nov 2014,0.0
28 Nov 2014,0.0
29 Nov 2014,0.0
30 Nov 2014,0.0
1 Dec 2014,0.0
2 Dec 2014,0.0
3 Dec 2014,0.0
4 Dec 2014,0.0
5 Dec 2014,0.0
6 Dec 2014,0.0
7 Dec 2014,0.0
8 Dec 2014,0.0
9 Dec 2014,0.0
10 Dec 2014,0.0
11 Dec 2014,0.0
12 Dec 2014,0.0
13 Dec 2014,0.0
14 Dec 2014,0.0
15 Dec 2014,0.0
16 Dec 2014,0.0
17 Dec 2014,0.0
18 Dec 2014,0.0
19 Dec 2014,0.0
20 Dec 2014,0.0
21 Dec 2014,0.0
22 Dec 2014,0.0
23 Dec 2014,0.0
24 Dec 2014,0.0
25 Dec 2014,0.0
26 Dec 2014,0.0
27 Dec 2014,0.0
28 Dec 2014,0.0
29 Dec 2014,0.0
30 Dec 2014,0.0
31 Dec 2014,0.0
1 Jan 2015,0.0
2 Jan 2015,0.0
3 Jan 2015,0.0
4 Jan 2015,0.0
5 Jan 2015,0.0
6 Jan 2015,0.0
7 Jan 2015,0.0
8 Jan 2015,0.0
9 Jan 2015,0.0
10 Jan 2015,0.0
11 Jan 2015,0.0
12 Jan 2015,0.0
13 Jan 2015,0.0
14 Jan 2015,0.0
15 Jan 2015,0.0
16 Jan 2015,0.0
17 Jan 2015,0.0
18 Jan 2015,0.0
19 Jan 2015,0.0
20 Jan 2015,0.0
21 Jan 2015,0.0
22 Jan 2015,0.0
23 Jan 2015,0.0
24 Jan 2015,0.0
25 Jan 2015,0.0
26 Jan 2015,0.0
27 Jan 2015,0.0
28 Jan 2015,0.0
29 Jan 2015,0.0
30 Jan 2015,0.0
31 Jan 2015,0.0
1 Feb 2015,0.0
2 Feb 2015,0.0
3 Feb 2015,0.0
4 Feb 2015,0.0
5 Feb 2015,0.0
6 Feb 2015,0.0
7 Feb 2015,0.0
8 Feb 2015,0.0
9 Feb 2015,0.0
10 Feb 2015,0.0
11 Feb 2015,0.0
12 Feb 2015,0.0
13 Feb 2015,0.0
14 Feb 2015,0.0
15 Feb 2015,0.0
16 Feb 2015,0.0
17 Feb 2015,0.0
18 Feb 2015,0.0
19 Feb 2015,0.0
20 Feb 2015,0.0
21 Feb 2015,0.0
22 Feb 2015,0.0
23 Feb 2015,0.0
24 Feb 2015,0.0
25 Feb 2015,0.0
26 Feb 2015,0.0
27 Feb 2015,0.0
28 Feb 2015,0.0
1 Mar 2015,0.0
2 Mar 2015,0.0
3 Mar 2015,0.0
4 Mar 2015,0.0
5 Mar 2015,0.0
6 Mar 2015,0.0
7 Mar 2015,0.0
8 Mar 2015,0.0
9 Mar 2015,0.0
10 Mar 2015,0.0
11 Mar 2015,0.0
12 Mar 2015,0.0
13 Mar 2015,0.0
14 Mar 2015,0.0
15 Mar 2015,0.0
16 Mar 2015,0.0
17 Mar 2015,0.0
18 Mar 2015,0.0
19 Mar 2015,9.33136
20 Mar 2015,0.0
21 Mar 2015,0.0
22 Mar 2015,3.371351
23 Mar 2015,0.0
24 Mar 2015,0.0
25 Mar 2015,0.0
26 Mar 2015,0.0
27 Mar 2015,0.0
28 Mar 2015,0.0
29 Mar 2015,0.0
30 Mar 2015,0.0
31 Mar 2015,0.0
1 Apr 2015,0.0
2 Apr 2015,0.0
3 Apr 2015,0.0
4 Apr 2015,0.0
5 Apr 2015,0.0
6 Apr 2015,0.0
7 Apr 2015,0.0
8 Apr 2015,0.0
9 Apr 2015,0.0
10 Apr 2015,0.0
11 Apr 2015,0.0
12 Apr 2015,0.0
13 Apr 2015,0.0
14 Apr 2015,0.0
15 Apr 2015,0.0
16 Apr 2015,0.0
17 Apr 2015,0.0
18 Apr 2015,0.0
19 Apr 2015,0.0
20 Apr 2015,0.0
21 Apr 2015,0.0
22 Apr 2015,0.0
23 Apr 2015,0.0
24 Apr 2015,0.0
25 Apr 2015,0.0
26 Apr 2015,0.0
27 Apr 2015,0.0
28 Apr 2015,0.0
29 Apr 2015,0.0
30 Apr 2015,0.0
1 May 2015,0.0
2 May 2015,0.0
3 May 2015,12.18476
4 May 2015,3.434816
5 May 2015,5.56849
6 May 2015,0.0
7 May 2015,0.0
8 May 2015,0.0
9 May 2015,0.0
10 May 2015,0.0
11 May 2015,0.0
12 May 2015,0.0
13 May 2015,0.0
14 May 2015,0.0
15 May 2015,0.0
16 May 2015,0.0
17 May 2015,0.0
18 May 2015,0.0
19 May 2015,0.0
20 May 2015,0.0
21 May 2015,0.0
22 May 2015,0.0
23 May 2015,0.0
24 May 2015,0.0
25 May 2015,0.0
26 May 2015,0.0
27 May 2015,0.0
28 May 2015,0.0
29 May 2015,0.0
30 May 2015,0.0
31 May 2015,0.0
1 Jun 2015,0.0
2 Jun 2015,0.0
3 Jun 2015,0.0
4 Jun 2015,0.0
5 Jun 2015,0.0
6 Jun 2015,0.0
7 Jun 2015,0.0
8 Jun 2015,0.0
9 Jun 2015,0.0
10 Jun 2015,0.0
11 Jun 2015,0.0
12 Jun 2015,0.0
13 Jun 2015,0.0
14 Jun 2015,0.0
15 Jun 2015,3.841263
16 Jun 2015,0.0
17 Jun 2015,0.0
18 Jun 2015,0.0
19 Jun 2015,15.36768
20 Jun 2015,0.0
21 Jun 2015,2.087884
22 Jun 2015,0.0
23 Jun 2015,0.0
24 Jun 2015,0.0
25 Jun 2015,0.0
26 Jun 2015,0.0
27 Jun 2015,2.036534
28 Jun 2015,0.0
29 Jun 2015,0.0
30 Jun 2015,0.0
1 Jul 2015,0.0
2 Jul 2015,0.0
3 Jul 2015,0.0
4 Jul 2015,1.520983
5 Jul 2015,13.08216
6 Jul 2015,6.40662
7 Jul 2015,3.627452
8 Jul 2015,0.0
9 Jul 2015,0.0
10 Jul 2015,0.0
11 Jul 2015,0.0
12 Jul 2015,61.46455
13 Jul 2015,9.83351
14 Jul 2015,8.70787
15 Jul 2015,7.017431
16 Jul 2015,9.083014
17 Jul 2015,0.0
18 Jul 2015,10.81848
19 Jul 2015,0.0
20 Jul 2015,9.090129
21 Jul 2015,0.0
22 Jul 2015,0.0
23 Jul 2015,0.0
24 Jul 2015,7.643092
25 Jul 2015,0.0
26 Jul 2015,0.0
27 Jul 2015,0.0
28 Jul 2015,4.998965
29 Jul 2015,0.0
30 Jul 2015,10.8461
31 Jul 2015,15.76242
1 Aug 2015,0.0
2 Aug 2015,8.372602
3 Aug 2015,13.75743
4 Aug 2015,0.0
5 Aug 2015,11.1709
6 Aug 2015,1.717696
7 Aug 2015,3.416413
8 Aug 2015,6.197171
9 Aug 2015,0.0
10 Aug 2015,7.642653
11 Aug 2015,0.0
12 Aug 2015,0.0
13 Aug 2015,0.0
14 Aug 2015,5.757926
15 Aug 2015,21.31893
16 Aug 2015,12.08345
17 Aug 2015,0.0
18 Aug 2015,0.0
19 Aug 2015,0.0
20 Aug 2015,0.0
21 Aug 2015,0.0
22 Aug 2015,0.0
23 Aug 2015,0.0
24 Aug 2015,28.8882
25 Aug 2015,5.397572
26 Aug 2015,21.37897
27 Aug 2015,9.225792
28 Aug 2015,0.0
29 Aug 2015,0.0
30 Aug 2015,7.631203
31 Aug 2015,4.495066
1 Sep 2015,4.473334
2 Sep 2015,0.0
3 Sep 2015,0.0
4 Sep 2015,4.064878
5 Sep 2015,0.0
6 Sep 2015,0.0
7 Sep 2015,9.15836
8 Sep 2015,14.105
9 Sep 2015,19.07616
10 Sep 2015,0.0
11 Sep 2015,0.0
12 Sep 2015,0.0
13 Sep 2015,8.795378
14 Sep 2015,5.900697
15 Sep 2015,2.321877
16 Sep 2015,0.0
17 Sep 2015,0.0
18 Sep 2015,0.0
19 Sep 2015,0.0
20 Sep 2015,0.0
21 Sep 2015,0.0
22 Sep 2015,10.29511
23 Sep 2015,0.0
24 Sep 2015,0.0
25 Sep 2015,0.0
26 Sep 2015,0.0
27 Sep 2015,0.0
28 Sep 2015,0.0
29 Sep 2015,0.0
30 Sep 2015,0.0
1 Oct 2015,0.0
2 Oct 2015,0.0
3 Oct 2015,0.0
4 Oct 2015,0.0
5 Oct 2015,0.0
6 Oct 2015,0.0
7 Oct 2015,0.0
8 Oct 2015,0.0
9 Oct 2015,0.0
10 Oct 2015,0.0
11 Oct 2015,0.0
12 Oct 2015,0.0
13 Oct 2015,0.0
14 Oct 2015,0.0
15 Oct 2015,0.0
16 Oct 2015,0.0
17 Oct 2015,0.0
18 Oct 2015,0.0
19 Oct 2015,0.0
20 Oct 2015,0.0
21 Oct 2015,0.0
22 Oct 2015,0.0
23 Oct 2015,0.0
24 Oct 2015,0.0
25 Oct 2015,0.0
26 Oct 2015,0.0
27 Oct 2015,0.0
28 Oct 2015,0.0
29 Oct 2015,0.0
30 Oct 2015,0.0
31 Oct 2015,0.0
1 Nov 2015,0.0
2 Nov 2015,0.0
3 Nov 2015,0.0
4 Nov 2015,0.0
5 Nov 2015,3.203379
6 Nov 2015,0.0
7 Nov 2015,0.0
8 Nov 2015,0.0
9 Nov 2015,0.0
10 Nov 2015,0.0
11 Nov 2015,0.0
12 Nov 2015,0.0
13 Nov 2015,0.0
14 Nov 2015,0.0
15 Nov 2015,0.0
16 Nov 2015,0.0
17 Nov 2015,0.0
18 Nov 2015,0.0
19 Nov 2015,0.0
20 Nov 2015,0.0
21 Nov 2015,0.0
22 Nov 2015,0.0
23 Nov 2015,0.0
24 Nov 2015,0.0
25 Nov 2015,0.0
26 Nov 2015,0.0
27 Nov 2015,0.0
28 Nov 2015,0.0
29 Nov 2015,0.0
30 Nov 2015,0.0
1 Dec 2015,0.0
2 Dec 2015,0.0
3 Dec 2015,0.0
4 Dec 2015,0.0
5 Dec 2015,0.0
6 Dec 2015,0.0
7 Dec 2015,0.0
8 Dec 2015,0.0
9 Dec 2015,0.0
10 Dec 2015,0.0
11 Dec 2015,0.0
12 Dec 2015,0.0
13 Dec 2015,0.0
14 Dec 2015,0.0
15 Dec 2015,0.0
16 Dec 2015,0.0
17 Dec 2015,0.0
18 Dec 2015,0.0
19 Dec 2015,0.0
20 Dec 2015,0.0
21 Dec 2015,0.0
22 Dec 2015,0.0
23 Dec 2015,0.0
24 Dec 2015,0.5548521
25 Dec 2015,0.0
26 Dec 2015,3.617077
27 Dec 2015,0.0
28 Dec 2015,0.0
29 Dec 2015,0.0
30 Dec 2015,0.0
31 Dec 2015,0.0
1 Jan 2016,0.0
2 Jan 2016,0.0
3 Jan 2016,0.0
4 Jan 2016,0.0
5 Jan 2016,0.0
6 Jan 2016,0.0
7 Jan 2016,0.0
8 Jan 2016,0.0
9 Jan 2016,0.0
10 Jan 2016,0.0
11 Jan 2016,0.0
12 Jan 2016,0.0
13 Jan 2016,0.0
14 Jan 2016,0.0
15 Jan 2016,0.0
16 Jan 2016,0.0
17 Jan 2016,0.0
18 Jan 2016,0.0
19 Jan 2016,0.0
20 Jan 2016,0.0
21 Jan 2016,0.0
22 Jan 2016,0.0
23 Jan 2016,0.0
24 Jan 2016,0.0
25 Jan 2016,0.0
26 Jan 2016,0.0
27 Jan 2016,0.0
28 Jan 2016,0.0
29 Jan 2016,0.0
30 Jan 2016,0.0
31 Jan 2016,0.0
1 Feb 2016,0.0
2 Feb 2016,0.0
3 Feb 2016,0.0
4 Feb 2016,0.0
5 Feb 2016,0.0
6 Feb 2016,0.0
7 Feb 2016,0.0
8 Feb 2016,0.0
9 Feb 2016,0.0
10 Feb 2016,0.0
11 Feb 2016,0.0
12 Feb 2016,0.0
13 Feb 2016,0.0
14 Feb 2016,0.0
15 Feb 2016,0.0
16 Feb 2016,0.0
17 Feb 2016,0.0
18 Feb 2016,0.0
19 Feb 2016,0.0
20 Feb 2016,0.0
21 Feb 2016,0.0
22 Feb 2016,0.0
23 Feb 2016,0.0
24 Feb 2016,0.0
25 Feb 2016,0.0
26 Feb 2016,0.0
27 Feb 2016,0.0
28 Feb 2016,0.0
29 Feb 2016,0.0
1 Mar 2016,0.0
2 Mar 2016,0.0
3 Mar 2016,0.0
4 Mar 2016,0.0
5 Mar 2016,0.0
6 Mar 2016,0.0
7 Mar 2016,0.0
8 Mar 2016,0.0
9 Mar 2016,0.0
10 Mar 2016,0.0
11 Mar 2016,0.0
12 Mar 2016,0.0
13 Mar 2016,0.0
14 Mar 2016,0.0
15 Mar 2016,0.0
16 Mar 2016,0.0
17 Mar 2016,0.0
18 Mar 2016,0.0
19 Mar 2016,0.5585492
20 Mar 2016,0.0
21 Mar 2016,0.0
22 Mar 2016,0.0
23 Mar 2016,0.0
24 Mar 2016,0.0
25 Mar 2016,0.0
26 Mar 2016,0.0
27 Mar 2016,0.0
28 Mar 2016,0.0
29 Mar 2016,0.0
30 Mar 2016,0.0
31 Mar 2016,0.0
1 Apr 2016,3.8169
2 Apr 2016,0.0
3 Apr 2016,0.0
4 Apr 2016,0.0
5 Apr 2016,0.0
6 Apr 2016,0.0
7 Apr 2016,0.0
8 Apr 2016,0.0
9 Apr 2016,4.339527
10 Apr 2016,0.0
11 Apr 2016,0.0
12 Apr 2016,0.0
13 Apr 2016,0.0
14 Apr 2016,0.0
15 Apr 2016,0.0
16 Apr 2016,0.0
17 Apr 2016,0.0
18 Apr 2016,0.0
19 Apr 2016,0.0
20 Apr 2016,0.0
21 Apr 2016,0.0
22 Apr 2016,0.0
23 Apr 2016,0.0
24 Apr 2016,0.0
25 Apr 2016,0.2067652
26 Apr 2016,0.0
27 Apr 2016,0.0
28 Apr 2016,3.959822
29 Apr 2016,0.0
30 Apr 2016,0.0
1 May 2016,0.0
2 May 2016,0.0
3 May 2016,0.0
4 May 2016,0.0
5 May 2016,1.189054
6 May 2016,0.0
7 May 2016,0.0
8 May 2016,0.0
9 May 2016,0.0
10 May 2016,0.8656999
11 May 2016,17.67151
12 May 2016,0.0
13 May 2016,0.0
14 May 2016,0.0
15 May 2016,0.0
16 May 2016,0.0
17 May 2016,0.0
18 May 2016,0.0
19 May 2016,0.0
20 May 2016,0.0
21 May 2016,0.0
22 May 2016,0.0
23 May 2016,0.0
24 May 2016,0.0
25 May 2016,0.0
26 May 2016,0.0
27 May 2016,0.0
28 May 2016,0.0
29 May 2016,0.0
30 May 2016,0.221358
31 May 2016,0.0
1 Jun 2016,0.0
2 Jun 2016,0.0
3 Jun 2016,0.0
4 Jun 2016,0.0
5 Jun 2016,0.0
6 Jun 2016,0.0
7 Jun 2016,0.0
8 Jun 2016,0.0
9 Jun 2016,0.0
10 Jun 2016,0.0
11 Jun 2016,0.0
12 Jun 2016,0.0
13 Jun 2016,0.0
14 Jun 2016,0.0
15 Jun 2016,0.0
16 Jun 2016,0.0
17 Jun 2016,15.46747
18 Jun 2016,0.0
19 Jun 2016,0.0
20 Jun 2016,0.0
21 Jun 2016,0.0
22 Jun 2016,16.45899
23 Jun 2016,0.0
24 Jun 2016,0.0
25 Jun 2016,8.693853
26 Jun 2016,0.0
27 Jun 2016,3.834629
28 Jun 2016,0.0
29 Jun 2016,0.0
30 Jun 2016,0.0
1 Jul 2016,0.0
2 Jul 2016,0.0
3 Jul 2016,0.0
4 Jul 2016,0.0
5 Jul 2016,2.885739
6 Jul 2016,0.0
7 Jul 2016,0.4596234
8 Jul 2016,0.0
9 Jul 2016,0.0
10 Jul 2016,8.93127
11 Jul 2016,8.136704
12 Jul 2016,0.0
13 Jul 2016,0.0
14 Jul 2016,11.38827
15 Jul 2016,0.0
16 Jul 2016,0.0
17 Jul 2016,0.0
18 Jul 2016,0.0
19 Jul 2016,14.60995
20 Jul 2016,4.468039
21 Jul 2016,14.56519
22 Jul 2016,0.0
23 Jul 2016,37.41653
24 Jul 2016,15.99583
25 Jul 2016,0.0
26 Jul 2016,0.0
27 Jul 2016,17.97959
28 Jul 2016,22.58829
29 Jul 2016,21.74838
30 Jul 2016,2.210043
31 Jul 2016,1.134157
1 Aug 2016,8.97731
2 Aug 2016,4.624494
3 Aug 2016,5.553755
4 Aug 2016,0.8193481
5 Aug 2016,10.58584
6 Aug 2016,4.636989
7 Aug 2016,0.0
8 Aug 2016,0.0
9 Aug 2016,44.99705
10 Aug 2016,5.121958
11 Aug 2016,18.39092
12 Aug 2016,0.0
13 Aug 2016,0.0
14 Aug 2016,6.168721
15 Aug 2016,3.465596
16 Aug 2016,0.0
17 Aug 2016,11.10061
18 Aug 2016,13.5926
19 Aug 2016,0.0
20 Aug 2016,0.0
21 Aug 2016,0.0
22 Aug 2016,0.0
23 Aug 2016,0.0
24 Aug 2016,0.0
25 Aug 2016,2.44945
26 Aug 2016,2.350577
27 Aug 2016,0.0
28 Aug 2016,0.0
29 Aug 2016,8.105436
30 Aug 2016,0.0
31 Aug 2016,3.374525
1 Sep 2016,5.018688
2 Sep 2016,6.403229
3 Sep 2016,0.0
4 Sep 2016,0.0
5 Sep 2016,0.0
6 Sep 2016,0.0
7 Sep 2016,19.10715
8 Sep 2016,0.0
9 Sep 2016,9.899815
10 Sep 2016,0.0
11 Sep 2016,0.0
12 Sep 2016,4.272504
13 Sep 2016,0.0
14 Sep 2016,0.0
15 Sep 2016,0.0
16 Sep 2016,6.986812
17 Sep 2016,0.0
18 Sep 2016,3.352754
19 Sep 2016,0.0
20 Sep 2016,0.0
21 Sep 2016,0.0
22 Sep 2016,0.0
23 Sep 2016,0.0
24 Sep 2016,0.0
25 Sep 2016,0.0
26 Sep 2016,0.0
27 Sep 2016,7.663966
28 Sep 2016,0.0
29 Sep 2016,0.0
30 Sep 2016,0.0
1 Oct 2016,0.0
2 Oct 2016,0.0
3 Oct 2016,0.0
4 Oct 2016,0.0
5 Oct 2016,0.0
6 Oct 2016,0.0
7 Oct 2016,0.0
8 Oct 2016,0.0
9 Oct 2016,0.0
10 Oct 2016,0.0
11 Oct 2016,6.156623
12 Oct 2016,0.0
13 Oct 2016,0.0
14 Oct 2016,0.0
15 Oct 2016,0.0
16 Oct 2016,0.0
17 Oct 2016,0.0
18 Oct 2016,0.0
19 Oct 2016,0.0
20 Oct 2016,0.0
21 Oct 2016,0.0
22 Oct 2016,0.0
23 Oct 2016,0.0
24 Oct 2016,0.0
25 Oct 2016,0.0
26 Oct 2016,0.0
27 Oct 2016,0.0
28 Oct 2016,0.0
29 Oct 2016,0.0
30 Oct 2016,0.0
31 Oct 2016,0.0
1 Nov 2016,0.0
2 Nov 2016,0.0
3 Nov 2016,0.0
4 Nov 2016,0.0
5 Nov 2016,0.0
6 Nov 2016,0.0
7 Nov 2016,0.0
8 Nov 2016,0.0
9 Nov 2016,1.148804
10 Nov 2016,0.0
11 Nov 2016,0.0
12 Nov 2016,0.0
13 Nov 2016,0.0
14 Nov 2016,0.0
15 Nov 2016,0.0
16 Nov 2016,0.0
17 Nov 2016,0.0
18 Nov 2016,0.0
19 Nov 2016,0.0
20 Nov 2016,0.0
21 Nov 2016,0.0
22 Nov 2016,0.0
23 Nov 2016,0.0
24 Nov 2016,0.0
25 Nov 2016,0.0
26 Nov 2016,0.0
27 Nov 2016,0.0
28 Nov 2016,0.0
29 Nov 2016,0.0
30 Nov 2016,0.0
1 Dec 2016,0.0
2 Dec 2016,0.0
3 Dec 2016,0.0
4 Dec 2016,0.0
5 Dec 2016,0.0
6 Dec 2016,0.0
7 Dec 2016,0.0
8 Dec 2016,0.0
9 Dec 2016,0.0
10 Dec 2016,0.0
11 Dec 2016,0.0
12 Dec 2016,0.0
13 Dec 2016,0.0
14 Dec 2016,0.0
15 Dec 2016,0.0
16 Dec 2016,0.0
17 Dec 2016,0.0
18 Dec 2016,0.0
19 Dec 2016,0.0
20 Dec 2016,0.0
21 Dec 2016,0.0
22 Dec 2016,0.0
23 Dec 2016,0.0
24 Dec 2016,0.0
25 Dec 2016,0.0
26 Dec 2016,0.0
27 Dec 2016,0.0
28 Dec 2016,0.0
29 Dec 2016,0.0
30 Dec 2016,0.0
31 Dec 2016,0.0
1 Jan 2017,0.0
2 Jan 2017,0.0
3 Jan 2017,0.0
4 Jan 2017,0.0
5 Jan 2017,0.0
6 Jan 2017,0.0
7 Jan 2017,0.0
8 Jan 2017,0.0
9 Jan 2017,0.0
10 Jan 2017,0.0
11 Jan 2017,0.0
12 Jan 2017,0.0
13 Jan 2017,0.0
14 Jan 2017,0.0
15 Jan 2017,0.0
16 Jan 2017,0.0
17 Jan 2017,0.0
18 Jan 2017,0.0
19 Jan 2017,0.0
20 Jan 2017,0.0
21 Jan 2017,0.0
22 Jan 2017,0.0
23 Jan 2017,0.0
24 Jan 2017,0.0
25 Jan 2017,0.0
26 Jan 2017,0.0
27 Jan 2017,0.0
28 Jan 2017,0.0
29 Jan 2017,0.0
30 Jan 2017,0.0
31 Jan 2017,0.0
1 Feb 2017,0.0
2 Feb 2017,0.0
3 Feb 2017,0.2491668
4 Feb 2017,0.0
5 Feb 2017,0.0
6 Feb 2017,0.0
7 Feb 2017,0.546586
8 Feb 2017,0.0
9 Feb 2017,0.0
10 Feb 2017,0.0
11 Feb 2017,0.0
12 Feb 2017,0.0
13 Feb 2017,0.0
14 Feb 2017,4.501509
15 Feb 2017,0.0
16 Feb 2017,0.0
17 Feb 2017,0.0
18 Feb 2017,4.629242
19 Feb 2017,0.0
20 Feb 2017,0.0
21 Feb 2017,0.0
22 Feb 2017,0.0
23 Feb 2017,0.0
24 Feb 2017,0.0
25 Feb 2017,0.0
26 Feb 2017,0.0
27 Feb 2017,0.0
28 Feb 2017,0.0
1 Mar 2017,0.0
2 Mar 2017,0.0
3 Mar 2017,0.0
4 Mar 2017,0.0
5 Mar 2017,0.0
6 Mar 2017,0.0
7 Mar 2017,0.0
8 Mar 2017,0.0
9 Mar 2017,0.0
10 Mar 2017,0.0
11 Mar 2017,0.0
12 Mar 2017,0.0
13 Mar 2017,0.0
14 Mar 2017,0.0
15 Mar 2017,0.0
16 Mar 2017,0.0
17 Mar 2017,0.0
18 Mar 2017,0.0
19 Mar 2017,0.0
20 Mar 2017,0.0
21 Mar 2017,0.0
22 Mar 2017,0.0
23 Mar 2017,0.0
24 Mar 2017,0.0
25 Mar 2017,0.0
26 Mar 2017,0.0
27 Mar 2017,0.0
28 Mar 2017,0.0
29 Mar 2017,0.0
30 Mar 2017,0.0
31 Mar 2017,0.0
1 Apr 2017,0.0
2 Apr 2017,0.0
3 Apr 2017,0.0
4 Apr 2017,0.0
5 Apr 2017,0.0
6 Apr 2017,0.0
7 Apr 2017,0.0
8 Apr 2017,0.0
9 Apr 2017,0.0
10 Apr 2017,0.0
11 Apr 2017,0.0
12 Apr 2017,0.0
13 Apr 2017,0.0
14 Apr 2017,0.0
15 Apr 2017,0.0
16 Apr 2017,0.0
17 Apr 2017,0.0
18 Apr 2017,0.0
19 Apr 2017,0.0
20 Apr 2017,0.0
21 Apr 2017,0.0
22 Apr 2017,0.0
23 Apr 2017,0.0
24 Apr 2017,0.0
25 Apr 2017,0.0
26 Apr 2017,0.0
27 Apr 2017,0.0
28 Apr 2017,1.457667
29 Apr 2017,13.8431
30 Apr 2017,0.0
1 May 2017,0.0
2 May 2017,0.0
3 May 2017,0.0
4 May 2017,0.0
5 May 2017,7.6274
6 May 2017,1.27106
7 May 2017,4.788229
8 May 2017,0.0
9 May 2017,0.0
10 May 2017,0.0
11 May 2017,2.2439
12 May 2017,5.89792
13 May 2017,1.788157
14 May 2017,14.10839
15 May 2017,4.361251
16 May 2017,1.681104
17 May 2017,4.490049
18 May 2017,0.0
19 May 2017,0.0
20 May 2017,0.0
21 May 2017,0.0
22 May 2017,0.0
23 May 2017,0.0
24 May 2017,0.0
25 May 2017,0.0
26 May 2017,0.0
27 May 2017,0.0
28 May 2017,0.0
29 May 2017,0.0
30 May 2017,0.0
31 May 2017,0.0
1 Jun 2017,0.0
2 Jun 2017,0.0
3 Jun 2017,0.0
4 Jun 2017,0.0
5 Jun 2017,0.0
6 Jun 2017,0.0
7 Jun 2017,0.0
8 Jun 2017,0.0
9 Jun 2017,0.0
10 Jun 2017,0.0
11 Jun 2017,0.2891063
12 Jun 2017,0.0
13 Jun 2017,0.0
14 Jun 2017,0.0
15 Jun 2017,0.0
16 Jun 2017,0.0
17 Jun 2017,0.0
18 Jun 2017,0.0
19 Jun 2017,0.0
20 Jun 2017,0.0
21 Jun 2017,0.0
22 Jun 2017,0.0
23 Jun 2017,0.0
24 Jun 2017,4.523495
25 Jun 2017,0.0
26 Jun 2017,0.0
27 Jun 2017,0.0
28 Jun 2017,0.0
29 Jun 2017,0.0
30 Jun 2017,3.063851
1 Jul 2017,0.0
2 Jul 2017,0.0
3 Jul 2017,0.0
4 Jul 2017,0.0
5 Jul 2017,0.0
6 Jul 2017,30.29005
7 Jul 2017,10.41099
8 Jul 2017,21.53801
9 Jul 2017,8.761993
10 Jul 2017,0.4613248
11 Jul 2017,5.578632
12 Jul 2017,0.0
13 Jul 2017,0.0
14 Jul 2017,0.0
15 Jul 2017,0.0
16 Jul 2017,0.0
17 Jul 2017,0.0
18 Jul 2017,7.55765
19 Jul 2017,22.9527
20 Jul 2017,17.04481
21 Jul 2017,0.0
22 Jul 2017,0.0
23 Jul 2017,0.0
24 Jul 2017,4.324904
25 Jul 2017,0.3999126
26 Jul 2017,0.0
27 Jul 2017,0.0
28 Jul 2017,0.0
29 Jul 2017,4.336082
30 Jul 2017,0.0
31 Jul 2017,6.844246
1 Aug 2017,7.243298
2 Aug 2017,0.0
3 Aug 2017,12.27268
4 Aug 2017,10.35778
5 Aug 2017,10.53251
6 Aug 2017,0.0
7 Aug 2017,8.164728
8 Aug 2017,15.77846
9 Aug 2017,0.0
10 Aug 2017,0.0
11 Aug 2017,12.13042
12 Aug 2017,33.74003
13 Aug 2017,11.21693
14 Aug 2017,2.03996
15 Aug 2017,0.0
16 Aug 2017,6.365605
17 Aug 2017,11.57648
18 Aug 2017,6.461174
19 Aug 2017,0.0
20 Aug 2017,9.283169
21 Aug 2017,13.25627
22 Aug 2017,2.209361
23 Aug 2017,4.090369
24 Aug 2017,29.82129
25 Aug 2017,0.0
26 Aug 2017,4.237912
27 Aug 2017,6.279317
28 Aug 2017,0.0
29 Aug 2017,36.69665
30 Aug 2017,7.369256
31 Aug 2017,1.882097
1 Sep 2017,12.67162
2 Sep 2017,7.826598
3 Sep 2017,0.0
4 Sep 2017,2.970152
5 Sep 2017,6.32851
6 Sep 2017,0.0
7 Sep 2017,0.0
8 Sep 2017,0.0
9 Sep 2017,0.0
10 Sep 2017,0.0
11 Sep 2017,0.0
12 Sep 2017,0.0
13 Sep 2017,0.0
14 Sep 2017,1.549896
15 Sep 2017,0.0
16 Sep 2017,0.0
17 Sep 2017,0.0
18 Sep 2017,0.0
19 Sep 2017,0.0
20 Sep 2017,0.0
21 Sep 2017,3.963726
22 Sep 2017,0.0
23 Sep 2017,0.0
24 Sep 2017,0.0
25 Sep 2017,2.822727
26 Sep 2017,0.0
27 Sep 2017,3.607746
28 Sep 2017,0.0
29 Sep 2017,0.0
30 Sep 2017,0.0
1 Oct 2017,0.0
2 Oct 2017,7.30761
3 Oct 2017,0.0
4 Oct 2017,0.0
5 Oct 2017,0.0
6 Oct 2017,0.0
7 Oct 2017,0.0
8 Oct 2017,0.0
9 Oct 2017,0.0
10 Oct 2017,0.0
11 Oct 2017,2.116778
12 Oct 2017,0.0
13 Oct 2017,0.0
14 Oct 2017,0.0
15 Oct 2017,0.0
16 Oct 2017,0.0
17 Oct 2017,0.0
18 Oct 2017,0.0
19 Oct 2017,0.0
20 Oct 2017,0.0
21 Oct 2017,0.0
22 Oct 2017,0.0
23 Oct 2017,0.0
24 Oct 2017,0.0
25 Oct 2017,0.0
26 Oct 2017,0.0
27 Oct 2017,0.0
28 Oct 2017,0.0
29 Oct 2017,0.0
30 Oct 2017,0.0
31 Oct 2017,0.0
1 Nov 2017,0.0
2 Nov 2017,0.0
3 Nov 2017,0.0
4 Nov 2017,0.0
5 Nov 2017,0.0
6 Nov 2017,0.0
7 Nov 2017,0.0
8 Nov 2017,0.0
9 Nov 2017,0.0
10 Nov 2017,0.0
11 Nov 2017,0.0
12 Nov 2017,0.0
13 Nov 2017,0.0
14 Nov 2017,0.0
15 Nov 2017,0.0
16 Nov 2017,0.0
17 Nov 2017,0.0
18 Nov 2017,0.0
19 Nov 2017,0.0
20 Nov 2017,0.0
21 Nov 2017,0.0
22 Nov 2017,0.0
23 Nov 2017,0.0
24 Nov 2017,0.0
25 Nov 2017,0.0
26 Nov 2017,0.0
27 Nov 2017,0.0
28 Nov 2017,0.0
29 Nov 2017,0.0
30 Nov 2017,0.0
1 Dec 2017,0.0
2 Dec 2017,0.0
3 Dec 2017,0.0
4 Dec 2017,0.0
5 Dec 2017,0.0
6 Dec 2017,0.0
7 Dec 2017,0.0
8 Dec 2017,0.0
9 Dec 2017,0.0
10 Dec 2017,0.0
11 Dec 2017,0.0
12 Dec 2017,0.0
13 Dec 2017,0.0
14 Dec 2017,0.0
15 Dec 2017,0.0
16 Dec 2017,0.0
17 Dec 2017,0.0
18 Dec 2017,0.0
19 Dec 2017,0.0
20 Dec 2017,0.0
21 Dec 2017,0.0
22 Dec 2017,0.0
23 Dec 2017,0.0
24 Dec 2017,0.0
25 Dec 2017,0.0
26 Dec 2017,0.0
27 Dec 2017,0.0
28 Dec 2017,0.0
29 Dec 2017,0.0
30 Dec 2017,0.0
31 Dec 2017,0.0
1 Jan 2018,0.0
2 Jan 2018,0.0
3 Jan 2018,0.0
4 Jan 2018,0.0
5 Jan 2018,0.0
6 Jan 2018,0.0
7 Jan 2018,0.0
8 Jan 2018,0.0
9 Jan 2018,0.0
10 Jan 2018,0.0
11 Jan 2018,0.0
12 Jan 2018,0.0
13 Jan 2018,0.0
14 Jan 2018,0.0
15 Jan 2018,0.0
16 Jan 2018,0.0
17 Jan 2018,0.0
18 Jan 2018,0.0
19 Jan 2018,0.0
20 Jan 2018,0.0
21 Jan 2018,0.0
22 Jan 2018,0.0
23 Jan 2018,0.0
24 Jan 2018,0.0
25 Jan 2018,0.0
26 Jan 2018,0.0
27 Jan 2018,0.0
28 Jan 2018,0.0
29 Jan 2018,0.0
30 Jan 2018,0.0
31 Jan 2018,0.0
1 Feb 2018,0.0
2 Feb 2018,0.0
3 Feb 2018,0.0
4 Feb 2018,0.0
5 Feb 2018,0.0
6 Feb 2018,0.0
7 Feb 2018,0.0
8 Feb 2018,0.0
9 Feb 2018,0.0
10 Feb 2018,0.0
11 Feb 2018,0.0
12 Feb 2018,0.0
13 Feb 2018,0.0
14 Feb 2018,0.0
15 Feb 2018,0.0
16 Feb 2018,0.0
17 Feb 2018,0.0
18 Feb 2018,0.0
19 Feb 2018,0.0
20 Feb 2018,0.0
21 Feb 2018,0.0
22 Feb 2018,0.0
23 Feb 2018,0.0
24 Feb 2018,0.0
25 Feb 2018,0.0
26 Feb 2018,0.0
27 Feb 2018,0.6503926
28 Feb 2018,0.0
1 Mar 2018,0.0
2 Mar 2018,0.0
3 Mar 2018,0.0
4 Mar 2018,0.0
5 Mar 2018,0.0
6 Mar 2018,0.0
7 Mar 2018,0.0
8 Mar 2018,0.0
9 Mar 2018,0.0
10 Mar 2018,0.0
11 Mar 2018,0.0
12 Mar 2018,0.0
13 Mar 2018,0.0
14 Mar 2018,0.0
15 Mar 2018,2.161582
16 Mar 2018,2.093533
17 Mar 2018,0.0
18 Mar 2018,0.0
19 Mar 2018,0.0
20 Mar 2018,0.0
21 Mar 2018,0.0
22 Mar 2018,0.0
23 Mar 2018,0.0
24 Mar 2018,0.0
25 Mar 2018,0.0
26 Mar 2018,0.0
27 Mar 2018,0.0
28 Mar 2018,0.0
29 Mar 2018,0.0
30 Mar 2018,0.0
31 Mar 2018,0.0
1 Apr 2018,15.2305
2 Apr 2018,0.0
3 Apr 2018,0.4913583
4 Apr 2018,2.421191
5 Apr 2018,2.660868
6 Apr 2018,0.0
7 Apr 2018,0.0
8 Apr 2018,0.0
9 Apr 2018,0.0
10 Apr 2018,0.0
11 Apr 2018,0.0
12 Apr 2018,0.0
13 Apr 2018,0.0
14 Apr 2018,0.458323
15 Apr 2018,0.0
16 Apr 2018,0.0
17 Apr 2018,0.0
18 Apr 2018,0.0
19 Apr 2018,0.0
20 Apr 2018,0.0
21 Apr 2018,1.622692
22 Apr 2018,0.0
23 Apr 2018,0.0
24 Apr 2018,0.0
25 Apr 2018,0.0
26 Apr 2018,0.0
27 Apr 2018,0.0
28 Apr 2018,3.300126
29 Apr 2018,0.0
30 Apr 2018,0.0
1 May 2018,0.0
2 May 2018,0.0
3 May 2018,0.0
4 May 2018,0.0
5 May 2018,0.0
6 May 2018,5.483194
7 May 2018,0.0
8 May 2018,0.0
9 May 2018,0.0
10 May 2018,0.0
11 May 2018,0.0
12 May 2018,0.0
13 May 2018,0.0
14 May 2018,0.0
15 May 2018,0.0
16 May 2018,0.0
17 May 2018,0.0
18 May 2018,0.0
19 May 2018,0.0
20 May 2018,0.0
21 May 2018,0.0
22 May 2018,0.0
23 May 2018,0.0
24 May 2018,0.0
25 May 2018,0.0
26 May 2018,0.0
27 May 2018,0.0
28 May 2018,0.0
29 May 2018,0.0
30 May 2018,0.0
31 May 2018,10.87156
1 Jun 2018,4.970309
2 Jun 2018,5.133821
3 Jun 2018,0.0
4 Jun 2018,0.0
5 Jun 2018,0.0
6 Jun 2018,0.0
7 Jun 2018,0.0
8 Jun 2018,0.0
9 Jun 2018,0.0
10 Jun 2018,0.0
11 Jun 2018,0.0
12 Jun 2018,0.0
13 Jun 2018,7.239206
14 Jun 2018,0.0
15 Jun 2018,0.0
16 Jun 2018,0.0
17 Jun 2018,0.0
18 Jun 2018,0.0
19 Jun 2018,0.0
20 Jun 2018,0.0
21 Jun 2018,0.0
22 Jun 2018,0.0
23 Jun 2018,0.0
24 Jun 2018,0.0
25 Jun 2018,0.0
26 Jun 2018,0.0
27 Jun 2018,0.0
28 Jun 2018,0.0
29 Jun 2018,0.0
30 Jun 2018,0.0
1 Jul 2018,4.10037
2 Jul 2018,0.0
3 Jul 2018,0.0
4 Jul 2018,10.93615
5 Jul 2018,14.53968
6 Jul 2018,24.35365
7 Jul 2018,26.20835
8 Jul 2018,6.148197
9 Jul 2018,0.0
10 Jul 2018,0.0
11 Jul 2018,8.609534
12 Jul 2018,15.49867
13 Jul 2018,0.0
14 Jul 2018,7.913948
15 Jul 2018,0.0
16 Jul 2018,12.30159
17 Jul 2018,18.53254
18 Jul 2018,0.0
19 Jul 2018,0.0
20 Jul 2018,0.0
21 Jul 2018,0.0
22 Jul 2018,0.0
23 Jul 2018,8.92839
24 Jul 2018,0.0
25 Jul 2018,0.0
26 Jul 2018,1.788173
27 Jul 2018,0.0
28 Jul 2018,11.07991
29 Jul 2018,9.843576
30 Jul 2018,0.0
31 Jul 2018,0.0
1 Aug 2018,0.0
2 Aug 2018,6.227206
3 Aug 2018,15.4198
4 Aug 2018,0.0
5 Aug 2018,6.770641
6 Aug 2018,13.18024
7 Aug 2018,8.245568
8 Aug 2018,30.61471
9 Aug 2018,12.23369
10 Aug 2018,0.0
11 Aug 2018,9.691359
12 Aug 2018,6.748696
13 Aug 2018,0.0
14 Aug 2018,0.0
15 Aug 2018,0.0
16 Aug 2018,0.0
17 Aug 2018,0.0
18 Aug 2018,0.0
19 Aug 2018,10.69222
20 Aug 2018,3.104693
21 Aug 2018,0.0
22 Aug 2018,0.0
23 Aug 2018,13.76119
24 Aug 2018,5.728222
25 Aug 2018,0.0
26 Aug 2018,0.0
27 Aug 2018,20.18894
28 Aug 2018,16.85691
29 Aug 2018,31.75967
30 Aug 2018,0.0
31 Aug 2018,0.0
1 Sep 2018,6.007437
2 Sep 2018,0.0
3 Sep 2018,0.0
4 Sep 2018,26.38946
5 Sep 2018,11.82871
6 Sep 2018,0.0
7 Sep 2018,8.590271
8 Sep 2018,21.64314
9 Sep 2018,24.16983
10 Sep 2018,0.0
11 Sep 2018,0.0
12 Sep 2018,9.106915
13 Sep 2018,1.52782
14 Sep 2018,0.0
15 Sep 2018,0.0
16 Sep 2018,7.385637
17 Sep 2018,5.370432
18 Sep 2018,0.0
19 Sep 2018,12.07715
20 Sep 2018,0.0
21 Sep 2018,0.0
22 Sep 2018,0.0
23 Sep 2018,0.0
24 Sep 2018,0.0
25 Sep 2018,0.0
26 Sep 2018,0.0
27 Sep 2018,0.0
28 Sep 2018,0.0
29 Sep 2018,0.0
30 Sep 2018,0.0
1 Oct 2018,0.0
2 Oct 2018,0.0
3 Oct 2018,0.0
4 Oct 2018,0.0
5 Oct 2018,0.0
6 Oct 2018,0.0
7 Oct 2018,0.0
8 Oct 2018,0.0
9 Oct 2018,0.0
10 Oct 2018,0.0
11 Oct 2018,0.0
12 Oct 2018,0.0
13 Oct 2018,0.0
14 Oct 2018,0.0
15 Oct 2018,0.0
16 Oct 2018,0.0
17 Oct 2018,0.0
18 Oct 2018,0.0
19 Oct 2018,8.355435
20 Oct 2018,7.089471
21 Oct 2018,0.0
22 Oct 2018,0.0
23 Oct 2018,0.0
24 Oct 2018,0.0
25 Oct 2018,0.0
26 Oct 2018,0.0
27 Oct 2018,0.0
28 Oct 2018,0.0
29 Oct 2018,0.0
30 Oct 2018,0.0
31 Oct 2018,0.0
1 Nov 2018,0.0
2 Nov 2018,0.0
3 Nov 2018,0.0
4 Nov 2018,0.662863
5 Nov 2018,4.979515
6 Nov 2018,0.0
7 Nov 2018,0.0
8 Nov 2018,0.0
9 Nov 2018,0.3537113
10 Nov 2018,0.0
11 Nov 2018,0.0
12 Nov 2018,0.0
13 Nov 2018,0.0
14 Nov 2018,0.0
15 Nov 2018,0.0
16 Nov 2018,2.633495
17 Nov 2018,0.0
18 Nov 2018,0.0
19 Nov 2018,0.0
20 Nov 2018,0.0
21 Nov 2018,0.0
22 Nov 2018,0.0
23 Nov 2018,0.0
24 Nov 2018,0.0
25 Nov 2018,0.0
26 Nov 2018,0.0
27 Nov 2018,0.0
28 Nov 2018,0.0
29 Nov 2018,0.0
30 Nov 2018,0.0
1 Dec 2018,0.0
2 Dec 2018,0.0
3 Dec 2018,0.0
4 Dec 2018,0.0
5 Dec 2018,0.0
6 Dec 2018,0.0
7 Dec 2018,0.0
8 Dec 2018,0.0
9 Dec 2018,0.0
10 Dec 2018,0.0
11 Dec 2018,0.0
12 Dec 2018,0.0
13 Dec 2018,0.0
14 Dec 2018,0.0
15 Dec 2018,0.0
16 Dec 2018,0.0
17 Dec 2018,0.0
18 Dec 2018,0.0
19 Dec 2018,0.0
20 Dec 2018,0.0
21 Dec 2018,0.0
22 Dec 2018,0.0
23 Dec 2018,0.0
24 Dec 2018,0.0
25 Dec 2018,0.0
26 Dec 2018,0.0
27 Dec 2018,0.0
28 Dec 2018,0.0
29 Dec 2018,0.0
30 Dec 2018,0.0
31 Dec 2018,0.0
1 Jan 2019,0.0
2 Jan 2019,0.0
3 Jan 2019,0.0
4 Jan 2019,0.0
5 Jan 2019,0.0
6 Jan 2019,0.0
7 Jan 2019,0.0
8 Jan 2019,0.0
9 Jan 2019,0.0
10 Jan 2019,0.0
11 Jan 2019,0.0
12 Jan 2019,0.0
13 Jan 2019,0.0
14 Jan 2019,0.0
15 Jan 2019,0.0
16 Jan 2019,0.0
17 Jan 2019,0.0
18 Jan 2019,0.0
19 Jan 2019,0.0
20 Jan 2019,0.0
21 Jan 2019,0.0
22 Jan 2019,0.0
23 Jan 2019,0.0
24 Jan 2019,0.0
25 Jan 2019,0.0
26 Jan 2019,0.0
27 Jan 2019,0.0
28 Jan 2019,0.0
29 Jan 2019,0.0
30 Jan 2019,0.0
31 Jan 2019,0.0
1 Feb 2019,0.0
2 Feb 2019,0.0
3 Feb 2019,0.0
4 Feb 2019,0.0
5 Feb 2019,0.0
6 Feb 2019,0.0
7 Feb 2019,0.0
8 Feb 2019,0.0
9 Feb 2019,0.0
10 Feb 2019,0.0
11 Feb 2019,0.0
12 Feb 2019,0.0
13 Feb 2019,0.0
14 Feb 2019,0.0
15 Feb 2019,3.518927
16 Feb 2019,0.0
17 Feb 2019,0.6785383
18 Feb 2019,0.0
19 Feb 2019,0.0
20 Feb 2019,0.0
21 Feb 2019,0.0
22 Feb 2019,0.0
23 Feb 2019,0.0
24 Feb 2019,0.0
25 Feb 2019,0.0
26 Feb 2019,0.0
27 Feb 2019,0.0
28 Feb 2019,0.0
1 Mar 2019,0.0
2 Mar 2019,0.0
3 Mar 2019,0.0
4 Mar 2019,0.0
5 Mar 2019,0.0
6 Mar 2019,0.0
7 Mar 2019,0.0
8 Mar 2019,0.0
9 Mar 2019,0.0
10 Mar 2019,0.0
11 Mar 2019,0.0
12 Mar 2019,0.0
13 Mar 2019,0.0
14 Mar 2019,0.0
15 Mar 2019,10.67167
16 Mar 2019,0.0
17 Mar 2019,0.0
18 Mar 2019,0.0
19 Mar 2019,5.189988
20 Mar 2019,0.0
21 Mar 2019,0.0
22 Mar 2019,0.0
23 Mar 2019,0.0
24 Mar 2019,0.0
25 Mar 2019,0.0
26 Mar 2019,0.0
27 Mar 2019,0.0
28 Mar 2019,0.0
29 Mar 2019,0.0
30 Mar 2019,0.0
31 Mar 2019,0.0
1 Apr 2019,0.0
2 Apr 2019,0.0
3 Apr 2019,0.0
4 Apr 2019,0.0
5 Apr 2019,0.0
6 Apr 2019,3.969899
7 Apr 2019,0.0
8 Apr 2019,0.3744818
9 Apr 2019,0.0
10 Apr 2019,3.150341
11 Apr 2019,3.379319
12 Apr 2019,0.0
13 Apr 2019,0.0
14 Apr 2019,0.0
15 Apr 2019,0.0
16 Apr 2019,0.0
17 Apr 2019,0.0
18 Apr 2019,1.842783
19 Apr 2019,0.0
20 Apr 2019,0.0
21 Apr 2019,4.828124
22 Apr 2019,0.0
23 Apr 2019,0.0
24 Apr 2019,0.0
25 Apr 2019,0.0
26 Apr 2019,0.0
27 Apr 2019,0.0
28 Apr 2019,0.0
29 Apr 2019,9.2932
30 Apr 2019,0.0
1 May 2019,0.0
2 May 2019,0.0
3 May 2019,0.0
4 May 2019,0.0
5 May 2019,0.0
6 May 2019,0.0
7 May 2019,0.0
8 May 2019,0.0
9 May 2019,0.0
10 May 2019,0.0
11 May 2019,0.0
12 May 2019,0.0
13 May 2019,0.0
14 May 2019,0.0
15 May 2019,6.900884
16 May 2019,2.395135
17 May 2019,0.0
18 May 2019,0.0
19 May 2019,0.0
20 May 2019,0.0
21 May 2019,0.0
22 May 2019,0.0
23 May 2019,0.0
24 May 2019,5.274645
25 May 2019,0.0
26 May 2019,0.0
27 May 2019,0.0
28 May 2019,0.0
29 May 2019,0.0
30 May 2019,0.0
31 May 2019,0.0
1 Jun 2019,0.0
2 Jun 2019,0.0
3 Jun 2019,0.0
4 Jun 2019,0.0
5 Jun 2019,7.013345
6 Jun 2019,0.0
7 Jun 2019,0.0
8 Jun 2019,0.0
9 Jun 2019,0.0
10 Jun 2019,0.0
11 Jun 2019,0.0
12 Jun 2019,14.08402
13 Jun 2019,5.34233
14 Jun 2019,0.0
15 Jun 2019,0.0
16 Jun 2019,0.0
17 Jun 2019,0.0
18 Jun 2019,0.0
19 Jun 2019,0.0
20 Jun 2019,0.0
21 Jun 2019,6.947905
22 Jun 2019,0.0
23 Jun 2019,0.0
24 Jun 2019,0.0
25 Jun 2019,0.0
26 Jun 2019,0.0
27 Jun 2019,0.0
28 Jun 2019,0.0
29 Jun 2019,0.0
30 Jun 2019,0.0
1 Jul 2019,0.0
2 Jul 2019,8.64129
3 Jul 2019,0.0
4 Jul 2019,0.0
5 Jul 2019,0.0
6 Jul 2019,0.0
7 Jul 2019,0.0
8 Jul 2019,0.0
9 Jul 2019,7.363582
10 Jul 2019,0.0
11 Jul 2019,3.689156
12 Jul 2019,0.0
13 Jul 2019,0.0
14 Jul 2019,0.0
15 Jul 2019,0.0
16 Jul 2019,0.0
17 Jul 2019,6.328277
18 Jul 2019,7.689913
19 Jul 2019,9.719362
20 Jul 2019,0.0
21 Jul 2019,0.0
22 Jul 2019,0.0
23 Jul 2019,0.0
24 Jul 2019,0.0
25 Jul 2019,0.0
26 Jul 2019,9.88885
27 Jul 2019,0.0
28 Jul 2019,0.0
29 Jul 2019,0.0
30 Jul 2019,0.0
31 Jul 2019,4.344641
1 Aug 2019,7.168724
2 Aug 2019,0.0
3 Aug 2019,0.0
4 Aug 2019,0.0
5 Aug 2019,12.61124
6 Aug 2019,16.06272
7 Aug 2019,0.0
8 Aug 2019,0.0
9 Aug 2019,53.14001
10 Aug 2019,6.924084
11 Aug 2019,0.0
12 Aug 2019,0.0
13 Aug 2019,0.0
14 Aug 2019,0.0
15 Aug 2019,0.0
16 Aug 2019,0.0
17 Aug 2019,0.0
18 Aug 2019,0.0
19 Aug 2019,0.0
20 Aug 2019,0.0
21 Aug 2019,0.0
22 Aug 2019,0.0
23 Aug 2019,13.74771
24 Aug 2019,39.69517
25 Aug 2019,0.0
26 Aug 2019,0.0
27 Aug 2019,6.461331
28 Aug 2019,12.53675
29 Aug 2019,0.0
30 Aug 2019,0.0
31 Aug 2019,8.948163
1 Sep 2019,16.90074
2 Sep 2019,3.461186
3 Sep 2019,0.0
4 Sep 2019,0.0
5 Sep 2019,0.0
6 Sep 2019,0.0
7 Sep 2019,0.0
8 Sep 2019,11.16174
9 Sep 2019,0.0
10 Sep 2019,10.9942
11 Sep 2019,9.726439
12 Sep 2019,0.0
13 Sep 2019,0.0
14 Sep 2019,0.0
15 Sep 2019,0.0
16 Sep 2019,0.0
17 Sep 2019,0.0
18 Sep 2019,0.0
19 Sep 2019,0.0
20 Sep 2019,0.0
21 Sep 2019,0.0
22 Sep 2019,0.0
23 Sep 2019,0.0
24 Sep 2019,0.0
25 Sep 2019,0.0
26 Sep 2019,0.0
27 Sep 2019,1.595612
28 Sep 2019,0.0
29 Sep 2019,3.946835
30 Sep 2019,21.70335
1 Oct 2019,99.38078
2 Oct 2019,0.0
3 Oct 2019,0.0
4 Oct 2019,0.0
5 Oct 2019,0.0
6 Oct 2019,0.0
7 Oct 2019,0.0
8 Oct 2019,0.0
9 Oct 2019,0.0
10 Oct 2019,0.0
11 Oct 2019,0.0
12 Oct 2019,6.062922
13 Oct 2019,7.172818
14 Oct 2019,0.0
15 Oct 2019,0.0
16 Oct 2019,0.0
17 Oct 2019,0.0
18 Oct 2019,3.186898
19 Oct 2019,0.0
20 Oct 2019,0.0
21 Oct 2019,0.0
22 Oct 2019,0.0
23 Oct 2019,0.0
24 Oct 2019,0.0
25 Oct 2019,0.0
26 Oct 2019,0.0
27 Oct 2019,0.0
28 Oct 2019,0.0
29 Oct 2019,0.0
30 Oct 2019,0.0
31 Oct 2019,0.0
1 Nov 2019,0.0
2 Nov 2019,0.0
3 Nov 2019,0.0
4 Nov 2019,0.0
5 Nov 2019,0.0
6 Nov 2019,0.0
7 Nov 2019,0.0
8 Nov 2019,0.0
9 Nov 2019,0.0
10 Nov 2019,0.0
11 Nov 2019,0.0
12 Nov 2019,0.0
13 Nov 2019,0.0
14 Nov 2019,0.0
15 Nov 2019,0.0
16 Nov 2019,0.0
17 Nov 2019,0.0
18 Nov 2019,0.0
19 Nov 2019,0.0
20 Nov 2019,0.0
21 Nov 2019,0.0
22 Nov 2019,0.0
23 Nov 2019,0.0
24 Nov 2019,0.0
25 Nov 2019,0.0
26 Nov 2019,0.0
27 Nov 2019,0.0
28 Nov 2019,0.0
29 Nov 2019,0.0
30 Nov 2019,0.0
1 Dec 2019,0.0
2 Dec 2019,0.0
3 Dec 2019,0.0
4 Dec 2019,0.0
5 Dec 2019,0.0
6 Dec 2019,0.0
7 Dec 2019,0.0
8 Dec 2019,0.0
9 Dec 2019,0.0
10 Dec 2019,0.0
11 Dec 2019,0.0
12 Dec 2019,0.0
13 Dec 2019,0.0
14 Dec 2019,0.0
15 Dec 2019,0.0
16 Dec 2019,0.0
17 Dec 2019,0.0
18 Dec 2019,0.0
19 Dec 2019,0.0
20 Dec 2019,0.0
21 Dec 2019,0.0
22 Dec 2019,0.0
23 Dec 2019,0.0
24 Dec 2019,0.0
25 Dec 2019,0.0
26 Dec 2019,0.0
27 Dec 2019,0.0
28 Dec 2019,0.0
29 Dec 2019,0.0
30 Dec 2019,0.0
31 Dec 2019,0.0
1 Jan 2020,0.0
2 Jan 2020,0.0
3 Jan 2020,0.0
4 Jan 2020,0.0
5 Jan 2020,0.0
6 Jan 2020,0.0
7 Jan 2020,0.0
8 Jan 2020,0.0
9 Jan 2020,0.0
10 Jan 2020,0.0
11 Jan 2020,0.0
12 Jan 2020,0.0
13 Jan 2020,0.0
14 Jan 2020,0.0
15 Jan 2020,0.0
16 Jan 2020,0.0
17 Jan 2020,0.0
18 Jan 2020,0.0
19 Jan 2020,0.0
20 Jan 2020,0.0
21 Jan 2020,0.0
22 Jan 2020,0.0
23 Jan 2020,0.0
24 Jan 2020,0.0
25 Jan 2020,0.0
26 Jan 2020,0.0
27 Jan 2020,0.0
28 Jan 2020,0.0
29 Jan 2020,0.0
30 Jan 2020,0.0
31 Jan 2020,0.0
1 Feb 2020,0.0
2 Feb 2020,0.0
3 Feb 2020,0.0
4 Feb 2020,0.0
5 Feb 2020,0.0
6 Feb 2020,0.0
7 Feb 2020,0.0
8 Feb 2020,0.0
9 Feb 2020,0.0
10 Feb 2020,0.0
11 Feb 2020,0.0
12 Feb 2020,0.3516707
13 Feb 2020,0.0
14 Feb 2020,0.0
15 Feb 2020,0.0
16 Feb 2020,0.0
17 Feb 2020,0.0
18 Feb 2020,0.0
19 Feb 2020,0.0
20 Feb 2020,0.0
21 Feb 2020,0.0
22 Feb 2020,0.0
23 Feb 2020,0.0
24 Feb 2020,0.0
25 Feb 2020,0.0
26 Feb 2020,0.0
27 Feb 2020,0.0
28 Feb 2020,0.0
29 Feb 2020,0.0
1 Mar 2020,0.0
2 Mar 2020,0.0
3 Mar 2020,0.0
4 Mar 2020,0.0
5 Mar 2020,0.0
6 Mar 2020,0.0
7 Mar 2020,0.0
8 Mar 2020,0.0
9 Mar 2020,0.0
10 Mar 2020,0.0
11 Mar 2020,0.0
12 Mar 2020,0.0
13 Mar 2020,0.0
14 Mar 2020,0.0
15 Mar 2020,0.0
16 Mar 2020,0.0
17 Mar 2020,0.0
18 Mar 2020,0.0
19 Mar 2020,0.0
20 Mar 2020,0.0
21 Mar 2020,0.0
22 Mar 2020,0.0
23 Mar 2020,0.0
24 Mar 2020,0.0
25 Mar 2020,0.0
26 Mar 2020,0.0
27 Mar 2020,0.0
28 Mar 2020,0.0
29 Mar 2020,0.0
30 Mar 2020,0.0
31 Mar 2020,0.0
1 Apr 2020,0.0
2 Apr 2020,0.0
3 Apr 2020,0.0
4 Apr 2020,9.0
5 Apr 2020,0.0
6 Apr 2020,0.0
7 Apr 2020,0.0
